2.453271028037367074e-01 6.025179856115059375e+13
5.771028037383167941e-01 6.025179856115059375e+13
9.088785046728951045e-01 6.025179856115059375e+13
1.240654205607475191e+00 6.025179856115059375e+13
1.572429906542055278e+00 6.025179856115059375e+13
1.904205607476633588e+00 6.025179856115059375e+13
2.235981308411213675e+00 6.025179856115059375e+13
2.567757009345793762e+00 6.025179856115059375e+13
2.899532710280372072e+00 6.025179856115059375e+13
3.231308411214952159e+00 6.025179856115059375e+13
3.563084112149530469e+00 6.025179856115059375e+13
3.894859813084110556e+00 6.025179856115059375e+13
4.226635514018690643e+00 6.025179856115059375e+13
4.558411214953268953e+00 6.025179856115059375e+13
4.890186915887849040e+00 6.025179856115059375e+13
5.221962616822429126e+00 6.025179856115059375e+13
5.553738317757007437e+00 6.025179856115059375e+13
5.885514018691587523e+00 6.025179856115059375e+13
6.217289719626165834e+00 6.025179856115059375e+13
6.549065420560745920e+00 6.025179856115059375e+13
6.880841121495326007e+00 6.025179856115059375e+13
7.212616822429904317e+00 6.025179856115059375e+13
7.544392523364482628e+00 6.025179856115059375e+13
7.876168224299064491e+00 6.025179856115059375e+13
8.207943925233642801e+00 6.025179856115059375e+13
8.539719626168221112e+00 6.025179856115059375e+13
8.871495327102802975e+00 6.025179856115059375e+13
9.203271028037381285e+00 6.025179856115059375e+13
9.535046728971959595e+00 6.025179856115059375e+13
9.866822429906541458e+00 6.025179856115059375e+13
1.019859813084111977e+01 6.025179856115059375e+13
1.053037383177569808e+01 6.025179856115059375e+13
1.086214953271027994e+01 6.025179856115059375e+13
1.119392523364485825e+01 6.025179856115059375e+13
1.152570093457943656e+01 6.025179856115059375e+13
1.169158878504672572e+01 2.517985611510820000e+14
1.185747663551401843e+01 3.316546762589931500e+15
1.177453271028037207e+01 6.025179856115059375e+13
1.205101246105918733e+01 2.517985611510820000e+14
1.210630841121495038e+01 1.656474820143891750e+15
1.235514018691588589e+01 9.217625899281323438e+13
1.268691588785046420e+01 6.025179856115059375e+13
1.301869158878504606e+01 6.025179856115059375e+13
1.335046728971962438e+01 6.025179856115059375e+13
1.368224299065420269e+01 6.025179856115059375e+13
1.401401869158878455e+01 6.025179856115059375e+13
1.434579439252336286e+01 6.025179856115059375e+13
1.467757009345794117e+01 6.025179856115059375e+13
1.500934579439251948e+01 6.025179856115059375e+13
1.536876947040498109e+01 1.453836930455665312e+14
1.553465732087227025e+01 5.071942446043209375e+14
1.567289719626167965e+01 4.210431654676263000e+15
1.558995327102803685e+01 8.902877697841748750e+14
1.583878504672896881e+01 7.275179856115113000e+15
1.592172897196261516e+01 4.210431654676263000e+15
1.600467289719625796e+01 2.933453237410077500e+15
1.617056074766355067e+01 1.241007194244669844e+14
1.650233644859812898e+01 6.025179856115059375e+13
1.683411214953270729e+01 6.025179856115059375e+13
1.716588785046728916e+01 6.025179856115059375e+13
1.749766355140186747e+01 6.025179856115059375e+13
1.782943925233644578e+01 6.025179856115059375e+13
1.816121495327102409e+01 6.025179856115059375e+13
1.849299065420560595e+01 6.025179856115059375e+13
1.882476635514018426e+01 6.025179856115059375e+13
1.915654205607476257e+01 1.241007194244669844e+14
1.951596573208722418e+01 2.730815347721904375e+14
1.940537383177569808e+01 6.025179856115059375e+13
1.965420560747663359e+01 2.422661870503599500e+15
1.984774143302180249e+01 3.971043165467626400e+16
1.982009345794392274e+01 3.939118705035971200e+16
2.001362928348909165e+01 2.294964028776984500e+15
1.998598130841121190e+01 1.975719424460438250e+15
2.006892523364485825e+01 3.971043165467626400e+16
2.015186915887850105e+01 1.401079136690652750e+15
2.034540498442367351e+01 1.666666666666660625e+14
2.064953271028037207e+01 1.241007194244669844e+14
2.098130841121495038e+01 6.025179856115059375e+13
2.131308411214952869e+01 6.025179856115059375e+13
2.164485981308411056e+01 6.025179856115059375e+13
2.197663551401868887e+01 6.025179856115059375e+13
2.230841121495326718e+01 6.025179856115059375e+13
2.264018691588784904e+01 6.025179856115059375e+13
2.297196261682242735e+01 1.241007194244669844e+14
2.333138629283488896e+01 6.348920863309360000e+14
2.330373831775700566e+01 3.475719424460432500e+14
2.322079439252336286e+01 1.241007194244669844e+14
2.346962616822429837e+01 4.082733812949648000e+15
2.366316199376946727e+01 1.506474820143885200e+16
2.363551401869158397e+01 1.474550359712230400e+16
2.355257009345794117e+01 5.615107913669064000e+15
2.382904984423675288e+01 2.285431654676259600e+16
2.380140186915887668e+01 2.253507194244604800e+16
2.396728971962616228e+01 1.506474820143885200e+16
2.405023364485981219e+01 2.291816546762590000e+16
2.413317757009345499e+01 9.541366906474823750e+14
2.446495327102803330e+01 1.241007194244669844e+14
2.479672897196261161e+01 9.217625899281323438e+13
2.512850467289719703e+01 6.025179856115059375e+13
2.546028037383177534e+01 6.025179856115059375e+13
2.579205607476635365e+01 6.025179856115059375e+13
2.612383177570093196e+01 6.025179856115059375e+13
2.645560747663551027e+01 6.025179856115059375e+13
2.678738317757008858e+01 9.217625899281323438e+13
2.714680685358255019e+01 2.730815347721904375e+14
2.703621495327102409e+01 6.025179856115059375e+13
2.728504672897195960e+01 8.902877697841748750e+14
2.745093457943925230e+01 1.401079136690652750e+15
2.764447040498442121e+01 2.167266187050360750e+15
2.761682242990653791e+01 1.848021582733814250e+15
2.781035825545170681e+01 3.383633093525180000e+16
2.778271028037383061e+01 3.351708633093525600e+16
2.769976635514018071e+01 2.955845323741007200e+16
2.778271028037383061e+01 2.323741007194244800e+16
2.794859813084111622e+01 2.936690647482014800e+16
2.803154205607476612e+01 3.396402877697842000e+16
2.811448598130840892e+01 8.424460431654683000e+15
2.828037383177570163e+01 4.433453237410134375e+14
2.861214953271027994e+01 1.241007194244669844e+14
2.894392523364485825e+01 9.217625899281323438e+13
2.927570093457943656e+01 6.025179856115059375e+13
2.960747663551401487e+01 6.025179856115059375e+13
2.993925233644859318e+01 6.025179856115059375e+13
3.027102803738317149e+01 6.025179856115059375e+13
3.060280373831775691e+01 9.217625899281323438e+13
3.093457943925233522e+01 1.241007194244669844e+14
3.129400311526478973e+01 6.348920863309360000e+14
3.126635514018691353e+01 3.156474820143895000e+14
3.118341121495327073e+01 1.241007194244669844e+14
3.143224299065419913e+01 3.571942446043170500e+15
3.159813084112149184e+01 1.429856115107913800e+16
3.151518691588784904e+01 5.359712230215834000e+15
3.179166666666666075e+01 2.298201438848921200e+16
3.176401869158878455e+01 2.266276978417266800e+16
3.192990654205607015e+01 1.417086330935252000e+16
3.201285046728972361e+01 2.298201438848921200e+16
3.209579439252335931e+01 2.614208633093531000e+15
3.201285046728972361e+01 4.433453237410134375e+14
3.226168224299064491e+01 2.517985611510820000e+14
3.242757009345794472e+01 9.217625899281323438e+13
3.275934579439251593e+01 9.217625899281323438e+13
3.309112149532710134e+01 6.025179856115059375e+13
3.342289719626167255e+01 6.025179856115059375e+13
3.375467289719625796e+01 6.025179856115059375e+13
3.408644859813084338e+01 6.025179856115059375e+13
3.441822429906541458e+01 6.025179856115059375e+13
3.475000000000000000e+01 1.241007194244669844e+14
3.508177570093457120e+01 6.348920863309360000e+14
3.499883177570093551e+01 1.879496402877745000e+14
3.527531152647975432e+01 1.911870503597121750e+15
3.524766355140187102e+01 1.592625899280575250e+15
3.516471962616822111e+01 8.902877697841748750e+14
3.541355140186915662e+01 3.316546762589931500e+15
3.557943925233644222e+01 3.571942446043170500e+15
3.577297507788162534e+01 1.072302158273381600e+16
3.574532710280374204e+01 1.040377697841727000e+16
3.566238317757009213e+01 3.316546762589931500e+15
3.591121495327102764e+01 1.972571942446043200e+16
3.607710280373831324e+01 1.072302158273381600e+16
3.616004672897196315e+01 1.148920863309353200e+16
3.624299065420559884e+01 5.071942446043209375e+14
3.640887850467289866e+01 9.217625899281323438e+13
3.674065420560746986e+01 9.217625899281323438e+13
3.707242990654205528e+01 6.025179856115059375e+13
3.740420560747662648e+01 6.025179856115059375e+13
3.773598130841121190e+01 6.025179856115059375e+13
3.806775700934579731e+01 6.025179856115059375e+13
3.839953271028036852e+01 6.025179856115059375e+13
3.873130841121495394e+01 1.241007194244669844e+14
3.906308411214952514e+01 2.517985611510820000e+14
3.939485981308411056e+01 1.784172661870506750e+15
3.931191588785046065e+01 2.517985611510820000e+14
3.956074766355139616e+01 8.424460431654683000e+15
3.947780373831776046e+01 2.550359712230223500e+15
3.975428348909657927e+01 1.685251798561151400e+16
3.972663551401868176e+01 1.653327338129496800e+16
3.989252336448598157e+01 8.296762589928059000e+15
3.997546728971961727e+01 1.698021582733813400e+16
4.005841121495326718e+01 5.678956834532380000e+15
3.997546728971961727e+01 6.987410071942523750e+14
4.022429906542055278e+01 4.433453237410134375e+14
4.055607476635513819e+01 1.241007194244669844e+14
4.088785046728970940e+01 6.025179856115059375e+13
4.121962616822429482e+01 6.025179856115059375e+13
4.155140186915888023e+01 6.025179856115059375e+13
4.188317757009345144e+01 6.025179856115059375e+13
4.221495327102803685e+01 6.025179856115059375e+13
4.254672897196260806e+01 6.025179856115059375e+13
4.287850467289719347e+01 1.241007194244669844e+14
4.304439252336447908e+01 6.348920863309360000e+14
4.321028037383177889e+01 1.911870503597121750e+15
4.312733644859812898e+01 8.902877697841748750e+14
4.340381619937694779e+01 3.699640287769785500e+15
4.337616822429906449e+01 3.380395683453239000e+15
4.329322429906541458e+01 2.422661870503599500e+15
4.356970404984423340e+01 4.338129496402878500e+15
4.354205607476635009e+01 4.050809352517985500e+15
4.373559190031151900e+01 5.998201438848927000e+15
4.370794392523363570e+01 5.678956834532380000e+15
4.387383177570093551e+01 1.072302158273381600e+16
4.403971962616822111e+01 6.125899280575542000e+15
4.412266355140187102e+01 9.190647482014392000e+15
4.420560747663550671e+01 1.464928057553960250e+15
4.412266355140187102e+01 3.156474820143895000e+14
4.437149532710280653e+01 1.241007194244669844e+14
4.470327102803737773e+01 6.025179856115059375e+13
4.503504672897196315e+01 6.025179856115059375e+13
4.536682242990653435e+01 6.025179856115059375e+13
4.569859813084111977e+01 6.025179856115059375e+13
4.603037383177569097e+01 6.025179856115059375e+13
4.636214953271027639e+01 9.217625899281323438e+13
4.669392523364486181e+01 1.879496402877745000e+14
4.702570093457943301e+01 5.071942446043209375e+14
4.694275700934579731e+01 3.156474820143895000e+14
4.735747663551401843e+01 7.625899280575598750e+14
4.752336448598130403e+01 3.827338129496409500e+15
4.744042056074765412e+01 1.017985611510798750e+15
4.771690031152647293e+01 1.021223021582733800e+16
4.768925233644858963e+01 9.892985611510792000e+15
4.760630841121495394e+01 4.082733812949648000e+15
4.785514018691588944e+01 1.085071942446043200e+16
4.793808411214952514e+01 1.033992805755396200e+16
4.802102803738317505e+01 6.189748201438849000e+15
4.810397196261682495e+01 1.273381294964028750e+15
4.818691588785046065e+01 6.987410071942523750e+14
4.851869158878504606e+01 9.217625899281323438e+13
4.885046728971961727e+01 6.025179856115059375e+13
4.918224299065420269e+01 6.025179856115059375e+13
4.951401869158878810e+01 6.025179856115059375e+13
4.984579439252335931e+01 6.025179856115059375e+13
5.017757009345794472e+01 6.025179856115059375e+13
5.050934579439251593e+01 6.025179856115059375e+13
5.084112149532710134e+01 1.241007194244669844e+14
5.103465732087227025e+01 3.794964028777059375e+14
5.117289719626167255e+01 1.273381294964028750e+15
5.133878504672897236e+01 2.805755395683453500e+15
5.125584112149532245e+01 1.528776978417267750e+15
5.150467289719625796e+01 3.827338129496409500e+15
5.142172897196260806e+01 3.061151079136692500e+15
5.169820872274142687e+01 4.082733812949648000e+15
5.183644859813084338e+01 5.998201438848927000e+15
5.202998442367601228e+01 4.210431654676263000e+15
5.200233644859812898e+01 3.891187050359717000e+15
5.208528037383176468e+01 5.870503597122303000e+15
5.216822429906541458e+01 1.975719424460438250e+15
5.233411214953270019e+01 1.241007194244669844e+14
5.266588785046728560e+01 6.025179856115059375e+13
5.299766355140187102e+01 6.025179856115059375e+13
5.332943925233644222e+01 6.025179856115059375e+13
5.366121495327102764e+01 6.025179856115059375e+13
5.399299065420559884e+01 6.025179856115059375e+13
5.432476635514018426e+01 6.025179856115059375e+13
5.465654205607475546e+01 1.560251798561207500e+14
5.482242990654205528e+01 3.794964028777059375e+14
5.501596573208722418e+01 6.561750599520443750e+14
5.534774143302180960e+01 7.625899280575598750e+14
5.548598130841121190e+01 1.656474820143891750e+15
5.567951713395639501e+01 4.976618705035971000e+15
5.565186915887849750e+01 4.657374100719425000e+15
5.556892523364486181e+01 2.167266187050360750e+15
5.581775700934579731e+01 6.381294964028781000e+15
5.598364485981308292e+01 5.040467625899288000e+15
5.606658878504673282e+01 1.656474820143891750e+15
5.614953271028036852e+01 1.145683453237413750e+15
5.631542056074766833e+01 1.241007194244669844e+14
5.664719626168223954e+01 6.025179856115059375e+13
5.697897196261682495e+01 6.025179856115059375e+13
5.731074766355139616e+01 6.025179856115059375e+13
5.764252336448598157e+01 6.025179856115059375e+13
5.797429906542055278e+01 6.025179856115059375e+13
5.830607476635513819e+01 9.217625899281323438e+13
5.863785046728972361e+01 1.241007194244669844e+14
5.896962616822429482e+01 1.241007194244669844e+14
5.913551401869159463e+01 6.348920863309360000e+14
5.932904984423676353e+01 1.656474820143891750e+15
5.930140186915888023e+01 1.337230215827345250e+15
5.921845794392523032e+01 8.902877697841748750e+14
5.946728971962616583e+01 2.805755395683453500e+15
5.966082554517133474e+01 3.082434052757801000e+15
5.982671339563863455e+01 3.444244604316546500e+15
5.999260124610592015e+01 3.061151079136692500e+15
5.996495327102803685e+01 2.741906474820146000e+15
6.004789719626168676e+01 3.444244604316546500e+15
6.013084112149532245e+01 1.848021582733814250e+15
6.029672897196262227e+01 2.517985611510820000e+14
6.062850467289719347e+01 6.025179856115059375e+13
6.096028037383177889e+01 6.025179856115059375e+13
6.129205607476635009e+01 6.025179856115059375e+13
6.162383177570093551e+01 6.025179856115059375e+13
6.195560747663550671e+01 6.025179856115059375e+13
6.228738317757009213e+01 6.025179856115059375e+13
6.264680685358256085e+01 1.453836930455665312e+14
6.295093457943924875e+01 5.071942446043209375e+14
6.286799065420561305e+01 2.517985611510820000e+14
6.311682242990653435e+01 7.625899280575598750e+14
6.344859813084111977e+01 8.902877697841748750e+14
6.364213395638628867e+01 2.422661870503599500e+15
6.361448598130840537e+01 2.103417266187053250e+15
6.353154205607476968e+01 1.145683453237413750e+15
6.378037383177570518e+01 3.571942446043170500e+15
6.397390965732087409e+01 2.550359712230223500e+15
6.394626168224299079e+01 2.231115107913677000e+15
6.386331775700934088e+01 1.848021582733814250e+15
6.402920560747664069e+01 3.508093525179863000e+15
6.411214953271027639e+01 1.337230215827345250e+15
6.402920560747664069e+01 4.433453237410134375e+14
6.427803738317756199e+01 1.879496402877745000e+14
6.419509345794392630e+01 6.025179856115059375e+13
6.460981308411214741e+01 6.025179856115059375e+13
6.494158878504673282e+01 6.025179856115059375e+13
6.527336448598130403e+01 6.025179856115059375e+13
6.560514018691588944e+01 6.025179856115059375e+13
6.593691588785046065e+01 6.025179856115059375e+13
6.626869158878504606e+01 9.217625899281323438e+13
6.660046728971963148e+01 1.241007194244669844e+14
6.695989096573208599e+01 1.453836930455665312e+14
6.729166666666667140e+01 7.625899280575598750e+14
6.726401869158878810e+01 4.752697841726671875e+14
6.718107476635513819e+01 2.517985611510820000e+14
6.745755451713395701e+01 1.656474820143891750e+15
6.742990654205607370e+01 1.337230215827345250e+15
6.762344236760124261e+01 2.060851318944854000e+15
6.792757009345794472e+01 2.231115107913677000e+15
6.784462616822429482e+01 1.848021582733814250e+15
6.801051401869158042e+01 1.656474820143891750e+15
6.809345794392523032e+01 1.401079136690652750e+15
6.825934579439251593e+01 3.794964028777059375e+14
6.859112149532710134e+01 6.025179856115059375e+13
6.892289719626168676e+01 6.025179856115059375e+13
6.925467289719625796e+01 6.025179856115059375e+13
6.958644859813084338e+01 6.025179856115059375e+13
6.991822429906541458e+01 6.025179856115059375e+13
7.025000000000000000e+01 6.025179856115059375e+13
7.058177570093457120e+01 9.217625899281323438e+13
7.094119937694703992e+01 4.007793764988054375e+14
7.083060747663550671e+01 1.241007194244669844e+14
7.127297507788162534e+01 6.561750599520443750e+14
7.116238317757009213e+01 4.433453237410134375e+14
7.157710280373831324e+01 1.145683453237413750e+15
7.149415887850467755e+01 6.987410071942523750e+14
7.177063862928349636e+01 1.911870503597121750e+15
7.174299065420559884e+01 1.592625899280575250e+15
7.199182242990653435e+01 1.911870503597121750e+15
7.207476635514018426e+01 1.081834532374106375e+15
7.199182242990653435e+01 4.433453237410134375e+14
7.224065420560746986e+01 1.879496402877745000e+14
7.215771028037383417e+01 6.025179856115059375e+13
7.257242990654205528e+01 6.025179856115059375e+13
7.290420560747664069e+01 6.025179856115059375e+13
7.323598130841121190e+01 6.025179856115059375e+13
7.356775700934579731e+01 6.025179856115059375e+13
7.389953271028036852e+01 6.025179856115059375e+13
7.423130841121495394e+01 9.217625899281323438e+13
7.456308411214952514e+01 1.241007194244669844e+14
7.489485981308411056e+01 1.879496402877745000e+14
7.525428348909657927e+01 4.007793764988054375e+14
7.514369158878504606e+01 1.879496402877745000e+14
7.539252336448598157e+01 7.625899280575598750e+14
7.558605919003115048e+01 1.273381294964028750e+15
7.547546728971961727e+01 1.017985611510798750e+15
7.589018691588785259e+01 1.401079136690652750e+15
7.608372274143300729e+01 8.902877697841748750e+14
7.605607476635513819e+01 5.710431654676285000e+14
7.624961059190030710e+01 2.517985611510820000e+14
7.655373831775700921e+01 9.217625899281323438e+13
7.688551401869158042e+01 6.025179856115059375e+13
7.721728971962616583e+01 6.025179856115059375e+13
7.754906542056075125e+01 6.025179856115059375e+13
7.788084112149532245e+01 6.025179856115059375e+13
7.821261682242990787e+01 6.025179856115059375e+13
7.854439252336447908e+01 9.217625899281323438e+13
7.887616822429906449e+01 1.560251798561207500e+14
7.906970404984423340e+01 4.007793764988054375e+14
7.937383177570093551e+01 5.710431654676285000e+14
7.973325545171339002e+01 1.017985611510798750e+15
7.962266355140187102e+01 7.625899280575598750e+14
7.995443925233644222e+01 1.017985611510798750e+15
8.003738317757009213e+01 7.625899280575598750e+14
8.020327102803737773e+01 2.517985611510820000e+14
8.036915887850467755e+01 6.025179856115059375e+13
8.070093457943924875e+01 6.025179856115059375e+13
8.103271028037383417e+01 6.025179856115059375e+13
8.136448598130840537e+01 6.025179856115059375e+13
8.169626168224299079e+01 6.025179856115059375e+13
8.202803738317756199e+01 6.025179856115059375e+13
8.235981308411214741e+01 9.217625899281323438e+13
8.269158878504673282e+01 1.560251798561207500e+14
8.302336448598130403e+01 2.198741007194282500e+14
8.335514018691588944e+01 3.794964028777059375e+14
8.327219626168223954e+01 1.879496402877745000e+14
8.352102803738317505e+01 6.348920863309360000e+14
8.368691588785046065e+01 8.902877697841748750e+14
8.393574766355139616e+01 8.902877697841748750e+14
8.401869158878504606e+01 6.348920863309360000e+14
8.418457943925233167e+01 3.794964028777059375e+14
8.451635514018691708e+01 9.217625899281323438e+13
8.484813084112148829e+01 6.025179856115059375e+13
8.517990654205607370e+01 6.025179856115059375e+13
8.551168224299064491e+01 6.025179856115059375e+13
8.584345794392523032e+01 6.025179856115059375e+13
8.617523364485981574e+01 6.025179856115059375e+13
8.650700934579438695e+01 9.217625899281323438e+13
8.683878504672897236e+01 1.241007194244669844e+14
8.717056074766354357e+01 3.156474820143895000e+14
8.750233644859812898e+01 4.433453237410134375e+14
8.783411214953271440e+01 6.348920863309360000e+14
8.808294392523363570e+01 5.071942446043209375e+14
8.816588785046728560e+01 2.517985611510820000e+14
8.833177570093457120e+01 6.025179856115059375e+13
8.866355140186915662e+01 6.025179856115059375e+13
8.899532710280374204e+01 6.025179856115059375e+13
8.932710280373831324e+01 6.025179856115059375e+13
8.965887850467289866e+01 6.025179856115059375e+13
8.990771028037383417e+01 6.025179856115059375e+13
