10000	0
10195	0
10390	0
10585	0
10780	0
10975	0
11171	0
11366	0
11561	0
11756	0
11951	0
12146	0
12341	0
12536	0
12731	0
12926	0
13122	0
13317	0
13512	0
13707	0
13902	0
14097	0
14292	0
14487	0
14682	0
14877	0
15073	0
15268	0
15463	0
15658	0
15853	0
16048	0
16243	0
16438	0
16633	0
16828	0
17024	0
17219	0
17414	0
17609	0
17804	0
17999	0
18194	0
18389	0
18584	0
18779	0
18974	0
19170	0
19365	0
19560	0
19755	0
19950	0
20145	0
20340	0
20535	0
20730	0
20925	0
21121	0
21316	0
21511	0
21706	0
21901	0
22096	0
22291	0
22486	1
22681	1
22876	2
23072	4
23267	6
23462	11
23657	18
23852	31
24047	50
24242	80
24437	127
24632	197
24827	305
25023	460
25218	692
25413	1028
25608	1502
25803	2194
25998	3130
26193	4450
26388	6281
26583	8709
26778	12075
26973	16488
27169	22330
27364	30240
27559	40106
27754	53142
27949	70105
28144	91023
28339	118175
28534	152216
28729	193938
28924	247085
29120	311682
29315	390190
29510	488472
29705	604940
29900	745037
30095	917546
30290	1118120
30485	1356247
30680	1645065
30875	1976465
31071	2363812
31266	2826915
31461	3354578
31656	3959518
31851	4673328
32046	5485730
32241	6396652
32436	7458560
32631	8672201
32826	9998386
33022	11527205
33217	13289229
33412	15163183
33607	17298450
33802	19733232
33997	22368440
34192	25269501
34387	28546648
34582	32172541
34777	36016961
34972	40319713
35168	45135947
35363	50188335
35558	55713536
35753	61844398
35948	68503456
36143	75448321
36338	83095888
36533	91517128
36728	100300968
36923	109668516
37119	119907384
37314	131095947
37509	142369556
37704	154611478
37899	167900203
38094	182025911
38289	196443360
38484	211996136
38679	228776120
38874	246228479
39070	264172075
39265	283421892
39460	304065351
39655	325219576
39850	347034861
40045	370310444
40240	395133350
40435	420344082
40630	446272419
40825	473795495
41021	502999522
41216	532611903
41411	562821734
41606	594735615
41801	628444150
41996	662788520
42191	697336670
42386	733672979
42581	771892926
42776	811290590
42971	850127214
43167	890795263
43362	933411828
43557	978035321
43752	1021147229
43947	1065998572
44142	1112813190
44337	1161643855
44532	1210121228
44727	1258840290
44922	1309506058
45118	1362187584
45313	1416331906
45508	1468600066
45703	1522768128
45898	1578894916
46093	1637081424
46288	1694345549
46483	1751560199
46678	1810668300
46873	1871742515
47069	1934859912
47264	1994700836
47459	2056230850
47654	2119644890
47849	2184956170
48044	2250795565
48239	2314206967
48434	2379358867
48629	2446341858
48824	2515159971
49020	2583142825
49215	2649483312
49410	2717486001
49605	2787190441
49800	2858658235
49995	2928404937
50190	2996807688
50385	3066791242
50580	3138371293
50775	3211564077
50970	3282781952
51166	3352464988
51361	3423573711
51556	3496178419
51751	3570221804
51946	3642740280
52141	3712843210
52336	3784238813
52531	3856927076
52726	3931024890
52921	4004678142
53117	4074333286
53312	4145192695
53507	4217197327
53702	4290417653
53897	4364820865
54092	4433607277
54287	4503140309
54482	4573694635
54677	4645285681
54872	4717985165
55068	4787699984
55263	4855214736
55458	4923575740
55653	4992877821
55848	5063105331
56043	5133934450
56238	5198748454
56433	5264377408
56628	5330712430
56823	5397818876
57019	5465805244
57214	5531449518
57409	5593666145
57604	5656575072
57799	5720145715
57994	5784349209
58189	5849193201
58384	5909765108
58579	5968766238
58774	6028329064
58969	6088388118
59165	6148941690
59360	6210107011
59555	6265763003
59750	6320835886
59945	6376457153
60140	6432406379
60335	6488872515
60530	6545709819
60725	6596815976
60920	6647634714
61116	6698769427
61311	6750343713
61506	6802119752
61701	6854298734
61896	6901254374
62091	6947348250
62286	6993811651
62481	7040403054
62676	7087362846
62871	7134451278
63067	7177651412
63262	7218876759
63457	7260290364
63652	7301886522
63847	7343672393
64042	7385609322
64237	7425579266
64432	7461694805
64627	7497998062
64822	7534389459
65018	7570829238
65213	7607453219
65408	7644171141
65603	7675652813
65798	7706758738
65993	7737825035
66188	7769036227
66383	7800294347
66578	7831605129
66773	7860983771
66968	7886859104
67164	7912796962
67359	7938715666
67554	7964697513
67749	7990654363
67944	8016674943
68139	8039121601
68334	8059859009
68529	8080548480
68724	8101327960
68919	8122101476
69115	8142870009
69310	8163640431
69505	8180081765
69700	8195817712
69895	8211498865
70090	8227195757
70285	8242922549
70480	8258497897
70675	8274098625
70870	8285453699
71066	8296321856
71261	8307204978
71456	8317923766
71651	8328808031
71846	8339471658
72041	8350146878
72236	8357115627
72431	8363405038
72626	8369571369
72821	8375655322
73017	8381800962
73212	8387824246
73407	8393820301
73602	8397295456
73797	8399116511
73992	8400861843
74187	8402582281
74382	8404270223
74577	8405927163
74772	8407462235
74967	8408097734
75163	8405757401
75358	8403434981
75553	8401048678
75748	8398591417
75943	8396055954
76138	8393549890
76333	8390972545
76528	8385766371
76723	8379623779
76918	8373328561
77114	8367113315
77309	8360877022
77504	8354540675
77699	8348094001
77894	8341498950
78089	8331761331
78284	8322064070
78479	8312366223
78674	8302569602
78869	8292723035
79065	8282967669
79260	8273026121
79455	8262317064
79650	8249464481
79845	8236486803
80040	8223560043
80235	8210637219
80430	8197640479
80625	8184607696
80820	8171627291
81016	8157732882
81211	8142000383
81406	8126246271
81601	8110421723
81796	8094625039
81991	8078806705
82186	8063054679
82381	8047195407
82576	8030927180
82771	8012564490
82966	7994329516
83162	7976038659
83357	7957705042
83552	7939402595
83747	7921180267
83942	7902914036
84137	7884643320
84332	7864289123
84527	7843820986
84722	7823316344
84917	7802866056
85113	7782380528
85308	7762032202
85503	7741565040
85698	7721236369
85893	7699885583
86088	7677519681
86283	7655132497
86478	7632814120
86673	7610600813
86868	7588332244
87064	7566086866
87259	7543947993
87454	7521753605
87649	7498017427
87844	7474080583
88039	7450261081
88234	7426401141
88429	7402614536
88624	7378910845
88819	7355245066
89015	7331541694
89210	7307757792
89405	7282538220
89600	7257370690
89795	7232331943
89990	7207268168
90185	7182256824
90380	7157374131
90575	7132543126
90770	7107688750
90965	7082623184
91161	7056523425
91356	7030373065
91551	7004327963
91746	6978379604
91941	6952463012
92136	6926644385
92331	6900857411
92526	6875168683
92721	6849399192
92916	6822574022
93112	6795713140
93307	6769039623
93502	6742330166
93697	6715767255
93892	6689320388
94087	6662909136
94282	6636544197
94477	6610284400
94672	6583158232
94867	6555909837
95063	6528707447
95258	6501631097
95453	6474601510
95648	6447695640
95843	6420874473
96038	6394102562
96233	6367452463
96428	6340548603
96623	6312999662
96818	6285544836
97014	6258185049
97209	6230984953
97404	6203813122
97599	6176736108
97794	6149818533
97989	6122929726
98184	6096198209
98379	6068819687
98574	6041352894
98769	6013924551
98964	5986626272
99160	5959464109
99355	5932305709
99550	5905345253
99745	5878424960
99940	5851632118
100135	5824974523
100330	5797709508
100525	5770373227
100720	5743169486
100915	5716108989
101111	5689120272
101306	5662213560
101501	5635440569
101696	5608806180
101891	5582246010
102086	5555823511
102281	5528893927
102476	5501958845
102671	5475105846
102866	5448340270
103062	5421743974
103257	5395225663
103452	5368851751
103647	5342557459
103842	5316404595
104037	5290361563
104232	5264039371
104427	5237582468
104622	5211187580
104817	5184962708
105013	5158798782
105208	5132803339
105403	5106869759
105598	5081074716
105793	5055421665
105988	5029830735
106183	5004352765
106378	4978434961
106573	4952665610
106768	4926986967
106963	4901451916
107159	4876008081
107354	4850708135
107549	4825495788
107744	4800450073
107939	4775498752
108134	4750634900
108329	4725689157
108524	4700561355
108719	4675554348
108914	4650713528
109110	4625943901
109305	4601292634
109500	4576805006
109695	4552388559
109890	4528088404
110085	4503951961
110280	4479909762
110475	4455674583
110670	4431420326
110865	4407285795
111061	4383269668
111256	4359370897
111451	4335591675
111646	4311974238
111841	4288428301
112036	4264974229
112231	4241660529
112426	4218463753
112621	4195183421
112816	4171822922
113012	4148625488
113207	4125501502
113402	4102513286
113597	4079624416
113792	4056894534
113987	4034238510
114182	4011737690
114377	3989312486
114572	3967041707
114767	3944740831
114962	3922369710
115158	3900073807
115353	3877894193
115548	3855871733
115743	3833924294
115938	3812131107
116133	3790412543
116328	3768807336
116523	3747354764
116718	3725976551
116913	3704748182
117109	3683361080
117304	3662050314
117499	3640853359
117694	3619754534
117889	3598784944
118084	3577925713
118279	3557180987
118474	3536546362
118669	3516044005
118864	3495594548
119060	3475291728
119255	3455097422
119450	3434745289
119645	3414519472
119840	3394424211
120035	3374421077
120230	3354511312
120425	3334724695
120620	3315068493
120815	3295498635
121011	3276056496
121206	3256670492
121401	3237441548
121596	3218267025
121791	3199016680
121986	3179873254
122181	3160835613
122376	3141905633
122571	3123114433
122766	3104395867
122961	3085783508
123157	3067274091
123352	3048869641
123547	3030569006
123742	3012369511
123937	2994274699
124132	2976109682
124327	2958031847
124522	2940074464
124717	2922203465
124912	2904450320
125108	2886751880
125303	2869201257
125498	2851735841
125693	2834384417
125888	2817117668
126083	2799938135
126278	2782868129
126473	2765840226
126668	2748781807
126863	2731850150
127059	2715017311
127254	2698297309
127449	2681659335
127644	2665119353
127839	2648674559
128034	2632326782
128229	2616073211
128424	2599929433
128619	2583864862
128814	2567895334
129010	2551898779
129205	2535971761
129400	2520163295
129595	2504422255
129790	2488761801
129985	2473231961
130180	2457769081
130375	2442423964
130570	2427145067
130765	2411956111
130960	2396880811
131156	2381872789
131351	2366962930
131546	2352021940
131741	2337168798
131936	2322431139
132131	2307742817
132326	2293156704
132521	2278659495
132716	2264235071
132911	2249934577
133107	2235696040
133302	2221531193
133497	2207464318
133692	2193481500
133887	2179593842
134082	2165700578
134277	2151870358
134472	2138110710
134667	2124469989
134862	2110878185
135058	2097382522
135253	2083955029
135448	2070644781
135643	2057394050
135838	2044212294
136033	2031122467
136228	2018122797
136423	2005192415
136618	1992308963
136813	1979454114
137009	1966669040
137204	1953971312
137399	1941363515
137594	1928803736
137789	1916351053
137984	1903945043
138179	1891646383
138374	1879414190
138569	1867247302
138764	1855165450
138959	1843167860
139155	1831216704
139350	1819320730
139545	1807461010
139740	1795666150
139935	1783973889
140130	1772325332
140325	1760759679
140520	1749256517
140715	1737854179
140910	1726495258
141106	1715216312
141301	1704016496
141496	1692879279
141691	1681802570
141886	1670806143
142081	1659833461
142276	1648920847
142471	1638070948
142666	1627278978
142861	1616565136
143057	1605909980
143252	1595331647
143447	1584811006
143642	1574382402
143837	1564003823
144032	1553681975
144227	1543434687
144422	1533243545
144617	1523126124
144812	1513048678
145008	1503004779
145203	1493031572
145398	1483115770
145593	1473263336
145788	1463465344
145983	1453753725
146178	1444089252
146373	1434478420
146568	1424937532
146763	1415457985
146958	1406053479
147154	1396686970
147349	1387388680
147544	1378164042
147739	1368926809
147934	1359771286
148129	1350661049
148324	1341623242
148519	1332630455
148714	1323709326
148909	1314832515
149105	1306018898
149300	1297256633
149495	1288564315
149690	1279915306
149885	1271335238
150080	1262810758
150275	1254328830
150470	1245894706
150665	1237490155
150860	1229140399
151056	1220845323
151251	1212611172
151446	1204423870
151641	1196290195
151836	1188209527
152031	1180193796
152226	1172218265
152421	1164295114
152616	1156423686
152811	1148603925
153007	1140835275
153202	1133117563
153397	1125450345
153592	1117799061
153787	1110203306
153982	1102657446
154177	1095156534
154372	1087709854
154567	1080312055
154762	1072963343
154957	1065658225
155153	1058405925
155348	1051201488
155543	1044040174
155738	1036930691
155933	1029868165
156128	1022847725
156323	1015878127
156518	1008934231
156713	1002036287
156908	995168218
157104	988361712
157299	981584645
157494	974868149
157689	968196475
157884	961553746
158079	954970445
158274	948421267
158469	941919866
158664	935457769
158859	929042626
159055	922666348
159250	916341894
159445	910044830
159640	903780798
159835	897549413
160030	891369074
160225	885220950
160420	879123015
160615	873065904
160810	867040499
161006	861064383
161201	855119686
161396	849223439
161591	843358149
161786	837540946
161981	831754220
162176	826014690
162371	820305527
162566	814643009
162761	808997303
162956	803381550
163152	797816514
163347	792276424
163542	786781727
163737	781328640
163932	775899936
164127	770515850
164322	765172571
164517	759861144
164712	754577735
164907	749342077
165103	744137564
165298	738960839
165493	733830915
165688	728731405
165883	723651620
166078	718606551
166273	713591439
166468	708614616
166663	703671590
166858	698755167
167054	693875420
167249	689032565
167444	684222879
167639	679441972
167834	674697552
168029	669985476
168224	665305471
168419	660653479
168614	656037090
168809	651452186
169005	646892066
169200	642359227
169395	637850940
169590	633373454
169785	628933162
169980	624516929
170175	620134477
170370	615784724
170565	611458530
170760	607162094
170955	602901262
171151	598663519
171346	594458395
171541	590284671
171736	586133524
171931	582010943
172126	577922709
172321	573856398
172516	569806649
172711	565790557
172906	561798812
173102	557837895
173297	553904291
173492	549994557
173687	546109467
173882	542253430
174077	538427316
174272	534627688
174467	530850969
174662	527098024
174857	523376392
175053	519677549
175248	516007096
175443	512362148
175638	508739358
175833	505131319
176028	501548522
176223	497998288
176418	494464950
176613	490960946
176808	487476373
177004	484020915
177199	480584495
177394	477172176
177589	473788073
177784	470425677
177979	467088427
178174	463769864
178369	460478801
178564	457206236
178759	453960988
178954	450733608
179150	447528781
179345	444341678
179540	441174287
179735	438031638
179930	434910822
180125	431813689
180320	428736177
180515	425680362
180710	422643265
180905	419629876
181101	416637515
181296	413663822
181491	410717251
181686	407784899
181881	404875323
182076	401986178
182271	399114833
182466	396266072
182661	393434807
182856	390621719
183052	387826021
183247	385049904
183442	382293349
183637	379552392
183832	376834362
184027	374137630
184222	371457790
184417	368796776
184612	366154336
184807	363530486
185003	360927084
185198	358340002
185393	355771058
185588	353220303
185783	350687344
185978	348168856
186173	345671416
186368	343188170
186563	340722491
186758	338274055
186953	335837643
187149	333423734
187344	331026895
187539	328646782
187734	326281733
187929	323935162
188124	321601968
188319	319286814
188514	316989619
188709	314708731
188904	312443930
189100	310190336
189295	307957497
189490	305740479
189685	303539116
189880	301348384
190075	299173402
190270	297015365
190465	294867982
190660	292738825
190855	290626448
191051	288527414
191246	286443338
191441	284372708
191636	282318109
191831	280277876
192026	278252234
192221	276239865
192416	274242908
192611	272260233
192806	270293202
193002	268335852
193197	266394949
193392	264469561
193587	262553529
193782	260651325
193977	258762634
194172	256885728
194367	255021248
194562	253172539
194757	251337131
194952	249514762
195148	247705352
195343	245906434
195538	244122701
195733	242351810
195928	240592019
196123	238846311
196318	237110707
196513	235389684
196708	233681189
196903	231984688
197099	230298037
197294	228625750
197489	226961868
197684	225311193
197879	223670933
198074	222043876
198269	220427089
198464	218823140
198659	217227112
198854	215646138
199050	214075141
199245	212516615
199440	210968098
199635	209432050
199830	207905682
200025	206391418
200220	204886687
200415	203392174
200610	201910291
200805	200437807
201001	198977057
201196	197525737
201391	196082844
201586	194650223
201781	193228059
201976	191817108
202171	190415329
202366	189023484
202561	187641760
202756	186269983
202951	184907977
203147	183555749
203342	182213486
203537	180881769
203732	179558623
203927	178245046
204122	176940907
204317	175646183
204512	174362544
204707	173086388
204902	171820449
205098	170562638
205293	169312165
205488	168069779
205683	166837317
205878	165615439
206073	164400722
206268	163193826
206463	161996623
206658	160809679
206853	159629710
207049	158458247
207244	157295962
207439	156141395
207634	154995170
207829	153857261
208024	152729098
208219	151606720
208414	150493303
208609	149387980
208804	148292141
209000	147202729
209195	146120388
209390	145045245
209585	143978524
209780	142918087
209975	141867622
210170	140822524
210365	139787239
210560	138757244
210755	137736933
210950	136723247
211146	135716301
211341	134717280
211536	133724912
211731	132740335
211926	131761575
212121	130791995
212316	129827406
212511	128871870
212706	127921245
212901	126979575
213097	126042719
213292	125113945
213487	124189409
213682	123273579
213877	122363706
214072	121460453
214267	120563785
214462	119673639
214657	118789981
214852	117911581
215048	117040767
215243	116176972
215438	115318798
215633	114466867
215828	113621150
216023	112781614
216218	111947076
216413	111119732
216608	110298436
216803	109483756
216999	108674403
217194	107870948
217389	107072267
217584	106280494
217779	105493440
217974	104711536
218169	103935969
218364	103166049
218559	102402810
218754	101644111
218949	100890364
219145	100142743
219340	99401579
219535	98664838
219730	97933487
219925	97206935
220120	96486251
220315	95771813
220510	95061661
220705	94356685
220900	93656338
221096	92962605
221291	92273001
221486	91588462
221681	90908930
221876	90233870
222071	89563351
222266	88898165
222461	88238361
222656	87581986
222851	86931834
223047	86285060
223242	85644424
223437	85007977
223632	84375847
223827	83748713
224022	83126677
224217	82507892
224412	81894955
224607	81286062
224802	80681272
224998	80081278
225193	79485359
225388	78894151
225583	78307758
225778	77724429
225973	77146610
226168	76571823
226363	76001270
226558	75434937
226753	74873181
226948	74315153
227144	73761219
227339	73211356
227534	72665996
227729	72124948
227924	71587152
228119	71053328
228314	70523428
228509	69997845
228704	69475745
228899	68957476
229095	68443035
229290	67932397
229485	67425911
229680	66922772
229875	66424002
230070	65928269
230265	65436543
230460	64947428
230655	64462580
230850	63981298
231046	63502580
231241	63028398
231436	62557081
231631	62089866
231826	61626117
232021	61165180
232216	60708245
232411	60254094
232606	59803902
232801	59356430
232997	58912874
233192	58472611
233387	58034996
233582	57601208
233777	57170046
233972	56742655
234167	56317838
234362	55896426
234557	55478453
234752	55063020
234947	54650656
235143	54241897
235338	53835617
235533	53432029
235728	53031755
235923	52634444
236118	52239780
236313	51848345
236508	51459806
236703	51073854
236898	50691051
237094	50311601
237289	49934176
237484	49559844
237679	49188263
237874	48819178
238069	48453107
238264	48089756
238459	47728827
238654	47370842
238849	47015524
239045	46663055
239240	46312976
239435	45965505
239630	45619909
239825	45277579
240020	44937551
240215	44599579
240410	44264848
240605	43932332
240800	43602098
240996	43274535
241191	42949637
241386	42626479
241581	42306141
241776	41988449
241971	41672461
242166	41359462
242361	41048165
242556	40739577
242751	40433522
242946	40129124
243142	39827604
243337	39528114
243532	39230684
243727	38935630
243922	38642764
244117	38351945
244312	38063424
244507	37776699
244702	37492092
244897	37209831
245093	36929830
245288	36651561
245483	36375346
245678	36101199
245873	35829469
246068	35559616
246263	35291554
246458	35025511
246653	34761429
246848	34499700
247044	34239545
247239	33981548
247434	33725284
247629	33471271
247824	33218805
248019	32968235
248214	32719538
248409	32473211
248604	32228207
248799	31985040
248995	31743694
249190	31504151
249385	31266393
249580	31030420
249775	30796195
249970	30563429
250165	30332706
250360	30103714
250555	29876244
250750	29650662
250945	29426776
251141	29204253
251336	28983704
251531	28764799
251726	28547535
251921	28331894
252116	28117878
252311	27905448
252506	27694326
252701	27485075
252896	27277393
253092	27071263
253287	26866530
253482	26663469
253677	26461674
253872	26261647
254067	26063117
254262	25865825
254457	25670128
254652	25475784
254847	25283143
255043	25091548
255238	24901799
255433	24713208
255628	24526153
255823	24340384
256018	24156273
256213	23973290
256408	23791767
256603	23611536
256798	23432861
256994	23255191
257189	23079191
257384	22904297
257579	22730593
257774	22558534
257969	22387549
258164	22218074
258359	22049531
258554	21882586
258749	21716686
258944	21551911
259140	21388708
259335	21226397
259530	21065421
259725	20905537
259920	20746851
260115	20589498
260310	20433392
260505	20278393
260700	20124435
260895	19971754
261091	19820098
261286	19669698
261481	19520326
261676	19372386
261871	19225261
262066	19079332
262261	18934409
262456	18790678
262651	18647926
262846	18506544
263042	18365929
263237	18226483
263432	18087978
263627	17950625
263822	17814200
264017	17678807
264212	17544532
264407	17411172
264602	17278816
264797	17147284
264993	17017014
265188	16887630
265383	16759222
265578	16631781
265773	16505400
265968	16379708
266163	16255131
266358	16131495
266553	16008883
266748	15887105
266943	15766085
267139	15646137
267334	15527187
267529	15409042
267724	15291791
267919	15175424
268114	15059871
268309	14945256
268504	14831505
268699	14718613
268894	14606660
269090	14495321
269285	14384969
269480	14275306
269675	14166616
269870	14058746
270065	13951552
270260	13845307
270455	13739727
270650	13635083
270845	13531094
271041	13428028
271236	13325605
271431	13224093
271626	13123213
271821	13023306
272016	12923949
272211	12825472
272406	12727740
272601	12630618
272796	12534360
272992	12438704
273187	12343897
273382	12249684
273577	12156307
273772	12063515
273967	11971546
274162	11880154
274357	11789573
274552	11699559
274747	11610228
274942	11521573
275138	11433639
275333	11346323
275528	11259670
275723	11173786
275918	11088439
276113	11003740
276308	10919621
276503	10836311
276698	10753525
276893	10671364
277089	10589828
277284	10509017
277479	10428712
277674	10348957
277869	10269866
278064	10191480
278259	10113583
278454	10036280
278649	9959662
278844	9883468
279040	9807910
279235	9732925
279430	9658606
279625	9584756
279820	9511411
280015	9438677
280210	9366496
280405	9294808
280600	9223718
280795	9153169
280991	9083103
281186	9013622
281381	8944669
281576	8876189
281771	8808278
281966	8740884
282161	8673953
282356	8607579
282551	8541712
282746	8476294
282941	8411422
283137	8347044
283332	8283107
283527	8219706
283722	8156737
283917	8094295
284112	8032328
284307	7970786
284502	7909757
284697	7849193
284892	7789044
285088	7729399
285283	7670085
285478	7611342
285673	7553004
285868	7495153
286063	7437625
286258	7380651
286453	7324069
286648	7267960
286843	7212236
287039	7156905
287234	7102028
287429	7047609
287624	6993563
287819	6939858
288014	6886673
288209	6833854
288404	6781477
288599	6729391
288794	6677807
288990	6626580
289185	6575780
289380	6525263
289575	6475235
289770	6425550
289965	6376245
290160	6327288
290355	6278732
290550	6230581
290745	6182764
290940	6135282
291136	6088190
291331	6041394
291526	5995019
291721	5948970
291916	5903298
292111	5857916
292306	5812938
292501	5768281
292696	5723987
292891	5679975
293087	5636355
293282	5593100
293477	5550088
293672	5507460
293867	5465133
294062	5423153
294257	5381439
294452	5340099
294647	5299049
294842	5258338
295038	5217884
295233	5177821
295428	5137982
295623	5098500
295818	5059269
296013	5020415
296208	4981832
296403	4943490
296598	4905444
296793	4867739
296989	4830272
297184	4793090
297379	4756269
297574	4719656
297769	4683321
297964	4647265
298159	4611531
298354	4576023
298549	4540789
298744	4505868
298939	4471171
299135	4436738
299330	4402637
299525	4368730
299720	4335081
299915	4301733
300110	4268598
300305	4235715
300500	4203126
300695	4170746
300890	4138614
301086	4106768
301281	4075149
301476	4043749
301671	4012628
301866	3981706
302061	3951021
302256	3920571
302451	3890354
302646	3860409
302841	3830653
303037	3801125
303232	3771803
303427	3742726
303622	3713872
303817	3685238
304012	3656825
304207	3628631
304402	3600687
304597	3572921
304792	3545369
304988	3518028
305183	3490897
305378	3463972
305573	3437257
305768	3410724
305963	3384450
306158	3358341
306353	3332435
306548	3306727
306743	3281215
306938	3255901
307134	3230778
307329	3205851
307524	3181114
307719	3156598
307914	3132238
308109	3108049
308304	3084061
308499	3060257
308694	3036638
308889	3013151
309085	2989893
309280	2966813
309475	2943910
309670	2921167
309865	2898613
310060	2876234
310255	2854027
310450	2831974
310645	2810104
310840	2788406
311036	2766873
311231	2745488
311426	2724285
311621	2703217
311816	2682337
312011	2661604
312206	2641045
312401	2620644
312596	2600398
312791	2580294
312987	2560360
313182	2540579
313377	2520950
313572	2501471
313767	2482126
313962	2462946
314157	2443888
314352	2424989
314547	2406247
314742	2387636
314937	2369157
315133	2350845
315328	2332662
315523	2314630
315718	2296701
315913	2278946
316108	2261315
316303	2243832
316498	2226460
316693	2209233
316888	2192151
317084	2175187
317279	2158365
317474	2141654
317669	2125078
317864	2108643
318059	2092323
318254	2076119
318449	2060060
318644	2044114
318839	2028301
319035	2012579
319230	1997009
319425	1981560
319620	1966217
319815	1950986
320010	1935879
320205	1920900
320400	1906005
320595	1891256
320790	1876609
320986	1862057
321181	1847646
321376	1833317
321571	1819127
321766	1805018
321961	1791047
322156	1777172
322351	1763397
322546	1749736
322741	1736162
322936	1722721
323132	1709373
323327	1696121
323522	1682978
323717	1669929
323912	1656988
324107	1644131
324302	1631398
324497	1618755
324692	1606201
324887	1593752
325083	1581392
325278	1569134
325473	1556970
325668	1544894
325863	1532917
326058	1521026
326253	1509234
326448	1497526
326643	1485915
326838	1474378
327034	1462946
327229	1451595
327424	1440338
327619	1429154
327814	1418056
328009	1407066
328204	1396139
328399	1385310
328594	1374559
328789	1363897
328985	1353303
329180	1342791
329375	1332382
329570	1322032
329765	1311775
329960	1301584
330155	1291493
330350	1281459
330545	1271515
330740	1261643
330935	1251840
331131	1242125
331326	1232473
331521	1222915
331716	1213411
331911	1203993
332106	1194636
332301	1185358
332496	1176156
332691	1167014
332886	1157961
333082	1148960
333277	1140029
333472	1131166
333667	1122383
333862	1113658
334057	1104999
334252	1096419
334447	1087894
334642	1079441
334837	1071047
335033	1062729
335228	1054465
335423	1046265
335618	1038138
335813	1030064
336008	1022053
336203	1014109
336398	1006231
336593	998404
336788	990638
336984	982932
337179	975295
337374	967708
337569	960179
337764	952724
337959	945311
338154	937956
338349	930658
338544	923425
338739	916239
338934	909109
339130	902044
339325	895029
339520	888058
339715	881146
339910	874288
340105	867483
340300	860739
340495	854039
340690	847391
340885	840795
341081	834249
341276	827754
341471	821310
341666	814915
341861	808579
342056	802283
342251	796036
342446	789837
342641	783687
342836	777584
343032	771528
343227	765527
343422	759565
343617	753650
343812	747780
344007	741955
344202	736176
344397	730441
344592	724759
344787	719113
344983	713511
345178	707952
345373	702437
345568	696964
345763	691533
345958	686152
346153	680802
346348	675497
346543	670233
346738	665010
346933	659828
347129	654685
347324	649579
347519	644517
347714	639493
347909	634509
348104	629563
348299	624656
348494	619783
348689	614952
348884	610158
349080	605401
349275	600681
349470	595998
349665	591351
349860	586737
350055	582162
350250	577623
350445	573119
350640	568650
350835	564212
351031	559812
351226	555446
351421	551114
351616	546816
351811	542551
352006	538316
352201	534117
352396	529951
352591	525817
352786	521715
352982	517642
353177	513604
353372	509592
353567	505616
353762	501669
353957	497754
354152	493871
354347	490014
354542	486190
354737	482397
354932	478629
355128	474890
355323	471184
355518	467503
355713	463855
355908	460234
356103	456642
356298	453075
356493	449539
356688	446025
356883	442541
357079	439087
357274	435659
357469	432255
357664	428881
357859	425532
358054	422207
358249	418911
358444	415636
358639	412390
358834	409168
359030	405973
359225	402802
359420	399654
359615	396533
359810	393432
360005	390358
360200	387309
360395	384281
360590	381280
360785	378296
360981	375341
361176	372407
361371	369498
361566	366607
361761	363741
361956	360899
362151	358078
362346	355277
362541	352499
362736	349744
362931	347010
363127	344295
363322	341604
363517	338933
363712	336284
363907	333651
364102	331044
364297	328454
364492	325887
364687	323339
364882	320808
365078	318301
365273	315811
365468	313342
365663	310888
365858	308457
366053	306044
366248	303652
366443	301273
366638	298918
366833	296579
367029	294257
367224	291955
367419	289672
367614	287402
367809	285155
368004	282923
368199	280707
368394	278511
368589	276332
368784	274168
368980	272022
369175	269894
369370	267779
369565	265683
369760	263605
369955	261539
370150	259493
370345	257462
370540	255445
370735	253445
370930	251461
371126	249491
371321	247538
371516	245599
371711	243676
371906	241768
372101	239873
372296	237995
372491	236133
372686	234281
372881	232448
373077	230627
373272	228819
373467	227028
373662	225250
373857	223485
374052	221734
374247	219995
374442	218273
374637	216561
374832	214865
375028	213182
375223	211511
375418	209854
375613	208208
375808	206578
376003	204957
376198	203351
376393	201756
376588	200176
376783	198605
376979	197049
377174	195506
377369	193972
377564	192452
377759	190943
377954	189447
378149	187960
378344	186487
378539	185025
378734	183574
378929	182134
379125	180707
379320	179291
379515	177883
379710	176490
379905	175105
380100	173732
380295	172368
380490	171018
380685	169675
380880	168345
381076	167024
381271	165715
381466	164414
381661	163125
381856	161844
382051	160575
382246	159315
382441	158065
382636	156824
382831	155593
383027	154373
383222	153160
383417	151960
383612	150767
383807	149584
384002	148409
384197	147245
384392	146089
384587	144942
384782	143805
384978	142675
385173	141556
385368	140444
385563	139343
385758	138249
385953	137164
386148	136086
386343	135017
386538	133958
386733	132906
386928	131863
387124	130827
387319	129800
387514	128781
387709	127770
387904	126767
388099	125770
388294	124783
388489	123803
388684	122831
388879	121866
389075	120908
389270	119959
389465	119016
389660	118081
389855	117154
390050	116233
390245	115320
390440	114415
390635	113515
390830	112624
391026	111739
391221	110860
391416	109990
391611	109125
391806	108267
392001	107417
392196	106572
392391	105735
392586	104904
392781	104079
392977	103261
393172	102450
393367	101644
393562	100845
393757	100053
393952	99266
394147	98485
394342	97712
394537	96944
394732	96182
394927	95426
395123	94675
395318	93932
395513	93193
395708	92460
395903	91733
396098	91012
396293	90296
396488	89585
396683	88882
396878	88182
397074	87489
397269	86801
397464	86118
397659	85440
397854	84768
398049	84102
398244	83440
398439	82783
398634	82132
398829	81487
399025	80845
399220	80209
399415	79578