   200.000  0.246734
   400.000  4.507228E-02
   600.000  8.294860E-02
   800.000  0.142848
   1000.00  0.237784
   1200.00  0.362054
   1400.00  0.547703
   1600.00  0.756830
   1800.00  1.01200
   2000.00  1.31237
   2200.00  1.66021
   2400.00  0.553470
   2600.00  0.487956
   2800.00  0.512324
   3000.00  0.608800
   3200.00  0.715430
   3400.00  0.832542
   3600.00  0.960467
   3800.00  1.10062
   4000.00  1.26189
   4200.00  1.43718
   4400.00  1.62694
   4600.00  1.83163
   4800.00  2.05169
   5000.00  2.28756
   5200.00  2.53967
   5400.00  2.80848
   5600.00  3.09438
   5800.00  3.39779
   6000.00  3.71914
   6200.00  4.05883
   6400.00  4.42065
   6600.00  4.81271
   6800.00  5.22623
   7000.00  5.66176
   7200.00  6.11972
   7400.00  6.60064
   7600.00  7.10500
   7800.00  7.63323
   8000.00  8.18584
   8200.00  8.76330
   8400.00  9.36611
   8600.00  9.99466
   8800.00  10.6494
   9000.00  11.3309
   9200.00  12.0395
   9400.00  12.7757
   9600.00  13.5399
   9800.00  14.3326
   10000.0  15.1542
   10200.0  16.0052
   10400.0  16.8860
   10600.0  17.7972
   10800.0  18.7388
   11000.0  19.7117
   11200.0  20.7160
   11400.0  21.7521
   11600.0  22.8207
   11800.0  23.9221
   12000.0  25.0565
   12200.0  26.2249
   12400.0  27.4270
   12600.0  28.6633
   12800.0  29.9349
   13000.0  31.2414
   13200.0  32.5834
   13400.0  33.9613
   13600.0  35.3758
   13800.0  36.8269
   14000.0  38.3153
   14200.0  39.8410
   14400.0  41.4048
   14600.0  43.0068
   14800.0  44.6476
   15000.0  46.3273
   15200.0  48.0463
   15400.0  49.8053
   15600.0  51.6045
   15800.0  53.4443
   16000.0  55.3245
   16200.0  57.2458
   16400.0  59.2091
   16600.0  61.2140
   16800.0  63.2613
   17000.0  65.3512
   17200.0  67.4836
   17400.0  69.6597
   17600.0  71.8790
   17800.0  74.1423
   18000.0  76.4501
   18200.0  78.8023
   18400.0  81.1993
   18600.0  83.6411
   18800.0  86.1286
   19000.0  13.0676
   19200.0  13.4342
   19400.0  13.8073
   19600.0  14.1865
   19800.0  14.5722
   20000.0  14.9643
   20200.0  15.3630
   20400.0  15.7681
   20600.0  16.1798
   20800.0  16.5981
   21000.0  17.0230
   21200.0  17.4546
   21400.0  17.8930
   21600.0  18.3380
   21800.0  18.7899
   22000.0  19.2485
   22200.0  19.7141
   22400.0  20.1866
   22600.0  20.6660
   22800.0  21.1524
   23000.0  21.6458
   23200.0  22.1463
   23400.0  22.6540
   23600.0  23.1687
   23800.0  23.6906
   24000.0  24.2197
   24200.0  24.7561
   24400.0  25.2997
   24600.0  25.8506
   24800.0  26.4089
   25000.0  26.9746
   25200.0  27.5478
   25400.0  28.1284
   25600.0  28.7166
   25800.0  29.3122
   26000.0  29.9153
   26200.0  30.5261
   26400.0  31.1446
   26600.0  31.7708
   26800.0  32.4046
   27000.0  33.0462
   27200.0  33.6956
   27400.0  34.3528
   27600.0  35.0179
   27800.0  35.6908
   28000.0  36.3801
   28200.0  37.0793
   28400.0  37.7952
   28600.0  38.5245
   28800.0  39.2627
   29000.0  40.0096
   29200.0  40.7653
   29400.0  41.5299
   29600.0  42.3035
   29800.0  43.0861
   30000.0  43.8779