   200.000  0.122415
   400.000  0.174641
   600.000  0.372780
   800.000  0.682420
   1000.00  1.12671
   1200.00  1.71853
   1400.00  2.48063
   1600.00  3.41658
   1800.00  4.51221
   2000.00  1.49773
   2200.00  1.34910
   2400.00  1.45020
   2600.00  1.76910
   2800.00  2.13289
   3000.00  2.54416
   3200.00  3.00544
   3400.00  3.51909
   3600.00  4.08775
   3800.00  4.71371
   4000.00  5.39950
   4200.00  6.14741
   4400.00  6.95972
   4600.00  7.83891
   4800.00  8.78721
   5000.00  9.80678
   5200.00  10.9000
   5400.00  12.0691
   5600.00  13.3164
   5800.00  14.6437
   6000.00  16.0537
   6200.00  17.5480
   6400.00  19.1290
   6600.00  20.7990
   6800.00  22.5602
   7000.00  24.4142
   7200.00  26.3642
   7400.00  28.4099
   7600.00  30.5570
   7800.00  32.8051
   8000.00  35.1559
   8200.00  37.6120
   8400.00  40.1780
   8600.00  42.8530
   8800.00  45.6400
   9000.00  48.5407
   9200.00  51.5585
   9400.00  54.6942
   9600.00  57.9498
   9800.00  61.3288
   10000.0  64.8326
   10200.0  68.4625
   10400.0  72.2214
   10600.0  76.1117
   10800.0  80.1351
   11000.0  84.2936
   11200.0  88.5900
   11400.0  93.0268
   11600.0  97.6050
   11800.0  102.327
   12000.0  107.196
   12200.0  112.212
   12400.0  117.381
   12600.0  122.702
   12800.0  128.179
   13000.0  133.812
   13200.0  139.607
   13400.0  145.564
   13600.0  151.686
   13800.0  157.975
   14000.0  164.433
   14200.0  171.063
   14400.0  177.867
   14600.0  184.848
   14800.0  192.006
   15000.0  199.350
   15200.0  206.877
   15400.0  214.592
   15600.0  222.496
   15800.0  230.592
   16000.0  238.883
   16200.0  35.6336
   16400.0  36.7491
   16600.0  37.8862
   16800.0  39.0486
   17000.0  40.2366
   17200.0  41.4496
   17400.0  42.6877
   17600.0  43.9524
   17800.0  45.2434
   18000.0  46.5602
   18200.0  47.9038
   18400.0  49.2749
   18600.0  50.6725
   18800.0  52.0978
   19000.0  53.5514
   19200.0  55.0321
   19400.0  56.5413
   19600.0  58.0793
   19800.0  59.6450
   20000.0  61.2408
   20200.0  62.8656
   20400.0  64.5190
   20600.0  66.2039
   20800.0  67.9175
   21000.0  69.6620
   21200.0  71.4369
   21400.0  73.2417
   21600.0  75.0788
   21800.0  76.9457
   22000.0  78.8458
   22200.0  80.7769
   22400.0  82.7400
   22600.0  84.7359
   22800.0  86.7634
   23000.0  88.8249
   23200.0  90.9178
   23400.0  93.0461
   23600.0  95.2059
   23800.0  97.4017
   24000.0  99.6297
   24200.0  101.894
   24400.0  104.191
   24600.0  106.524
   24800.0  108.890
   25000.0  111.293
   25200.0  113.731
   25400.0  116.207
   25600.0  118.717
   25800.0  121.264
   26000.0  123.847
   26200.0  126.468
   26400.0  129.125
   26600.0  131.820
   26800.0  134.551
   27000.0  137.323
   27200.0  140.130
   27400.0  142.977
   27600.0  145.862
   27800.0  148.786
   28000.0  151.749
   28200.0  154.751
   28400.0  157.793
   28600.0  160.873
   28800.0  163.996
   29000.0  167.158
   29200.0  170.361
   29400.0  173.604
   29600.0  176.888
   29800.0  180.214
   30000.0  183.580