   200.000  6.394839E-02
   400.000  0.249953
   600.000  0.682762
   800.000  1.43565
   1000.00  2.67810
   1200.00  4.44941
   1400.00  6.71458
   1600.00  9.68018
   1800.00  13.4951
   2000.00  1.54900
   2200.00  1.95697
   2400.00  2.43959
   2600.00  3.00090
   2800.00  3.64662
   3000.00  4.38258
   3200.00  5.21459
   3400.00  6.14876
   3600.00  7.19063
   3800.00  8.34673
   4000.00  9.62269
   4200.00  11.0245
   4400.00  12.5579
   4600.00  14.2295
   4800.00  16.0451
   5000.00  18.0101
   5200.00  20.1321
   5400.00  22.4152
   5600.00  24.8668
   5800.00  27.4926
   6000.00  30.2985
   6200.00  33.2909
   6400.00  36.4759
   6600.00  39.8590
   6800.00  43.4476
   7000.00  47.2462
   7200.00  51.2621
   7400.00  55.5013
   7600.00  59.9696
   7800.00  64.6729
   8000.00  69.6182
   8200.00  74.8109
   8400.00  80.2575
   8600.00  85.9635
   8800.00  91.9370
   9000.00  98.1806
   9200.00  104.705
   9400.00  111.512
   9600.00  118.611
   9800.00  126.008
   10000.0  133.706
   10200.0  141.715
   10400.0  150.039
   10600.0  158.687
   10800.0  167.661
   11000.0  176.970
   11200.0  186.618
   11400.0  196.613
   11600.0  206.960
   11800.0  217.667
   12000.0  228.738
   12200.0  240.179
   12400.0  251.994
   12600.0  264.197
   12800.0  276.786
   13000.0  289.770
   13200.0  303.152
   13400.0  316.945
   13600.0  331.148
   13800.0  345.768
   14000.0  360.816
   14200.0  376.290
   14400.0  392.198
   14600.0  408.554
   14800.0  425.353
   15000.0  442.607
   15200.0  460.330
   15400.0  478.517
   15600.0  497.174
   15800.0  516.312
   16000.0  535.932
   16200.0  556.042
   16400.0  576.644
   16600.0  597.746
   16800.0  619.352
   17000.0  641.465
   17200.0  664.092
   17400.0  687.241
   17600.0  710.919
   17800.0  735.126
   18000.0  759.863
   18200.0  785.144
   18400.0  810.971
   18600.0  837.346
   18800.0  864.282
   19000.0  891.777
   19200.0  919.829
   19400.0  948.452
   19600.0  977.651
   19800.0  1007.43
   20000.0  1037.80
   20200.0  1068.79
   20400.0  1100.34
   20600.0  1132.49
   20800.0  1165.21
   21000.0  1198.53
   21200.0  1232.44
   21400.0  1266.94
   21600.0  1302.03
   21800.0  1337.72
   22000.0  1374.01
   22200.0  1410.91
   22400.0  1448.41
   22600.0  1486.52
   22800.0  1525.22
   23000.0  1564.55
   23200.0  1604.48
   23400.0  1645.03
   23600.0  1686.18
   23800.0  1727.95
   24000.0  1770.32
   24200.0  1813.32
   24400.0  1856.93
   24600.0  1901.16
   24800.0  1946.00
   25000.0  1991.45
   25200.0  2037.52
   25400.0  2084.21
   25600.0  2131.50
   25800.0  2179.42
   26000.0  2227.95
   26200.0  2277.08
   26400.0  2326.81
   26600.0  2377.18
   26800.0  2428.13
   27000.0  2479.70
   27200.0  2531.85
   27400.0  2584.62
   27600.0  2637.99
   27800.0  2691.96
   28000.0  2746.52
   28200.0  2801.66
   28400.0  2857.40
   28600.0  2913.69
   28800.0  2970.61
   29000.0  3028.09
   29200.0  3086.16
   29400.0  3144.79
   29600.0  3203.98
   29800.0  3263.73
   30000.0  3324.03