   200.000  0.799208
   400.000  0.446182
   600.000  0.747801
   800.000  0.234727
   1000.00  0.322438
   1200.00  0.422524
   1400.00  0.544125
   1600.00  0.718107
   1800.00  0.933826
   2000.00  1.18391
   2200.00  1.47425
   2400.00  1.80788
   2600.00  2.18653
   2800.00  2.61297
   3000.00  3.09056
   3200.00  3.62248
   3400.00  4.21236
   3600.00  4.86412
   3800.00  5.58202
   4000.00  6.37080
   4200.00  7.23535
   4400.00  8.18119
   4600.00  9.21427
   4800.00  10.3418
   5000.00  11.5707
   5200.00  12.9091
   5400.00  4.68831
   5600.00  5.18674
   5800.00  4.15093
   6000.00  3.98418
   6200.00  4.31235
   6400.00  4.65937
   6600.00  5.02615
   6800.00  5.41302
   7000.00  5.82053
   7200.00  6.24914
   7400.00  6.69939
   7600.00  7.17185
   7800.00  7.66662
   8000.00  8.18454
   8200.00  8.72596
   8400.00  9.29146
   8600.00  9.88118
   8800.00  10.4963
   9000.00  11.1363
   9200.00  11.8029
   9400.00  12.4957
   9600.00  13.2151
   9800.00  13.9622
   10000.0  14.7369
   10200.0  15.5398
   10400.0  16.3715
   10600.0  17.2325
   10800.0  18.1232
   11000.0  19.0440
   11200.0  19.9955
   11400.0  20.9781
   11600.0  21.9921
   11800.0  23.0380
   12000.0  24.1165
   12200.0  25.2275
   12400.0  26.3723
   12600.0  27.5505
   12800.0  28.7631
   13000.0  30.0100
   13200.0  31.2925
   13400.0  32.6101
   13600.0  33.9640
   13800.0  35.3539
   14000.0  36.7807
   14200.0  38.2447
   14400.0  39.7464
   14600.0  41.2861
   14800.0  42.8638
   15000.0  44.4810
   15200.0  46.1374
   15400.0  47.8337
   15600.0  49.5700
   15800.0  51.3467
   16000.0  53.1642
   16200.0  55.0229
   16400.0  56.9235
   16600.0  58.8663
   16800.0  60.8514
   17000.0  62.8795
   17200.0  64.9509
   17400.0  67.0659
   17600.0  69.2244
   17800.0  71.4278
   18000.0  73.6758
   18200.0  75.9686
   18400.0  78.3072
   18600.0  80.6916
   18800.0  83.1224
   19000.0  85.5996
   19200.0  88.1236
   19400.0  90.6950
   19600.0  93.3134
   19800.0  95.9799
   20000.0  98.6951
   20200.0  101.459
   20400.0  104.272
   20600.0  107.135
   20800.0  110.047
   21000.0  113.009
   21200.0  116.022
   21400.0  119.085
   21600.0  122.198
   21800.0  125.363
   22000.0  128.580
   22200.0  131.848
   22400.0  135.169
   22600.0  138.542
   22800.0  141.969
   23000.0  145.448
   23200.0  148.980
   23400.0  152.565
   23600.0  156.205
   23800.0  159.900
   24000.0  163.649
   24200.0  167.452
   24400.0  171.311
   24600.0  175.223
   24800.0  179.193
   25000.0  183.217
   25200.0  187.299
   25400.0  191.436
   25600.0  195.631
   25800.0  199.882
   26000.0  204.190
   26200.0  208.555
   26400.0  212.979
   26600.0  217.459
   26800.0  221.998
   27000.0  226.595
   27200.0  231.250
   27400.0  235.964
   27600.0  240.737
   27800.0  245.569
   28000.0  250.461
   28200.0  255.412
   28400.0  260.422
   28600.0  265.492
   28800.0  270.622
   29000.0  275.814
   29200.0  281.065
   29400.0  286.377
   29600.0  291.750
   29800.0  297.184
   30000.0  302.680