   200.000  2.699864E-02
   400.000  3.413011E-02
   600.000  4.941273E-02
   800.000  7.649775E-02
   1000.00  0.114943
   1200.00  0.165200
   1400.00  0.227781
   1600.00  0.302638
   1800.00  0.390081
   2000.00  0.113052
   2200.00  0.141982
   2400.00  0.150336
   2600.00  0.184485
   2800.00  0.208263
   3000.00  0.236012
   3200.00  0.275425
   3400.00  0.318874
   3600.00  0.366497
   3800.00  0.418436
   4000.00  0.474821
   4200.00  0.535779
   4400.00  0.601471
   4600.00  0.672041
   4800.00  0.747616
   5000.00  0.828339
   5200.00  0.914330
   5400.00  1.00573
   5600.00  1.10266
   5800.00  1.20526
   6000.00  1.31363
   6200.00  1.42790
   6400.00  1.54820
   6600.00  1.67465
   6800.00  1.80736
   7000.00  1.94645
   7200.00  2.09206
   7400.00  2.24430
   7600.00  2.40329
   7800.00  2.56916
   8000.00  2.74211
   8200.00  2.92205
   8400.00  3.10938
   8600.00  3.30398
   8800.00  3.50604
   9000.00  3.71565
   9200.00  3.93327
   9400.00  4.15853
   9600.00  4.39176
   9800.00  4.63323
   10000.0  4.87986
   10200.0  5.12942
   10400.0  5.38569
   10600.0  2.22895
   10800.0  2.34995
   11000.0  2.47510
   11200.0  2.60448
   11400.0  2.73817
   11600.0  2.87620
   11800.0  3.01863
   12000.0  2.26036
   12200.0  2.36273
   12400.0  2.46800
   12600.0  2.25846
   12800.0  2.34721
   13000.0  2.43834
   13200.0  2.53195
   13400.0  2.62803
   13600.0  2.72665
   13800.0  2.82778
   14000.0  2.93149
   14200.0  3.03778
   14400.0  3.14670
   14600.0  3.25826
   14800.0  3.37247
   15000.0  3.48946
   15200.0  3.60917
   15400.0  3.73164
   15600.0  3.85688
   15800.0  3.98492
   16000.0  4.11585
   16200.0  4.24964
   16400.0  4.38631
   16600.0  4.52591
   16800.0  4.66847
   17000.0  4.81405
   17200.0  4.96262
   17400.0  5.11418
   17600.0  5.26884
   17800.0  5.42661
   18000.0  5.58746
   18200.0  5.75146
   18400.0  5.91866
   18600.0  6.08902
   18800.0  6.26263
   19000.0  6.43952
   19200.0  6.61964
   19400.0  6.80309
   19600.0  6.98986
   19800.0  7.17993
   20000.0  7.37346
   20200.0  7.57040
   20400.0  7.77071
   20600.0  7.97460
   20800.0  8.18190
   21000.0  8.39274
   21200.0  8.60711
   21400.0  8.82499
   21600.0  9.04654
   21800.0  9.27160
   22000.0  9.50042
   22200.0  9.73286
   22400.0  9.96897
   22600.0  10.2088
   22800.0  10.4524
   23000.0  10.6998
   23200.0  10.9509
   23400.0  11.2059
   23600.0  11.4646
   23800.0  11.7273
   24000.0  11.9938
   24200.0  12.2643
   24400.0  12.5387
   24600.0  12.8171
   24800.0  13.0994
   25000.0  13.3857
   25200.0  13.6761
   25400.0  13.9706
   25600.0  14.2691
   25800.0  14.5717
   26000.0  14.8784
   26200.0  15.1894
   26400.0  15.5045
   26600.0  15.8238
   26800.0  16.1472
   27000.0  16.4750
   27200.0  16.8069
   27400.0  17.1433
   27600.0  17.4838
   27800.0  17.8288
   28000.0  18.1781
   28200.0  18.5318
   28400.0  18.8899
   28600.0  19.2523
   28800.0  19.6193
   29000.0  19.9907
   29200.0  20.3667
   29400.0  20.7471
   29600.0  21.1320
   29800.0  21.5215
   30000.0  21.9155