   200.000  1.31593
   400.000  0.279618
   600.000  0.771765
   800.000  1.62680
   1000.00  3.00709
   1200.00  5.02038
   1400.00  7.80653
   1600.00  11.4879
   1800.00  16.1895
   2000.00  22.0515
   2200.00  29.2012
   2400.00  37.7961
   2600.00  47.9706
   2800.00  59.8734
   3000.00  73.6568
   3200.00  89.4799
   3400.00  107.504
   3600.00  127.898
   3800.00  150.833
   4000.00  176.463
   4200.00  204.962
   4400.00  236.531
   4600.00  271.303
   4800.00  309.459
   5000.00  351.155
   5200.00  396.578
   5400.00  445.912
   5600.00  499.325
   5800.00  556.967
   6000.00  619.057
   6200.00  685.736
   6400.00  757.205
   6600.00  833.607
   6800.00  915.111
   7000.00  1001.88
   7200.00  1094.09
   7400.00  1191.86
   7600.00  1295.38
   7800.00  1404.73
   8000.00  1520.12
   8200.00  1641.73
   8400.00  1769.64
   8600.00  1903.93
   8800.00  2044.74
   9000.00  2192.17
   9200.00  2346.29
   9400.00  2507.16
   9600.00  2674.82
   9800.00  2849.51
   10000.0  3031.04
   10200.0  3219.81
   10400.0  3415.62
   10600.0  3618.48
   10800.0  3828.39
   11000.0  4045.30
   11200.0  4269.20
   11400.0  4500.04
   11600.0  4737.71
   11800.0  4982.14
   12000.0  5233.27
   12200.0  5490.89
   12400.0  5755.03
   12600.0  6025.39
   12800.0  6301.89
   13000.0  6584.25
   13200.0  6872.46
   13400.0  7166.17
   13600.0  7465.23
   13800.0  7769.32
   14000.0  8078.28
   14200.0  8391.82
   14400.0  8709.67
   14600.0  9031.58
   14800.0  9357.11
   15000.0  9686.22
   15200.0  10020.9
   15400.0  10358.8
   15600.0  10699.6
   15800.0  11042.9
   16000.0  11388.4
   16200.0  11735.8
   16400.0  12084.9
   16600.0  12435.4
   16800.0  12786.9
   17000.0  13139.1
   17200.0  13491.7
   17400.0  13844.5
   17600.0  14197.0
   17800.0  14549.0
   18000.0  14900.4
   18200.0  15250.6
   18400.0  15599.5
   18600.0  15947.0
   18800.0  16292.6
   19000.0  16636.0
   19200.0  16977.2
   19400.0  17315.9
   19600.0  17651.6
   19800.0  17977.7
   20000.0  18265.7
   20200.0  18588.7
   20400.0  18931.9
   20600.0  19272.0
   20800.0  19609.0
   21000.0  19942.6
   21200.0  20272.8
   21400.0  20599.4
   21600.0  20922.2
   21800.0  21241.4
   22000.0  21556.6
   22200.0  21867.9
   22400.0  22175.1
   22600.0  22478.1
   22800.0  22777.0
   23000.0  23071.6
   23200.0  23362.1
   23400.0  23648.0
   23600.0  23929.7
   23800.0  24207.0
   24000.0  24479.9
   24200.0  24748.3
   24400.0  25012.4
   24600.0  25272.0
   24800.0  25527.2
   25000.0  25777.9
   25200.0  26024.2
   25400.0  26266.2
   25600.0  26503.8
   25800.0  26737.0
   26000.0  26966.0
   26200.0  27190.7
   26400.0  27411.1
   26600.0  27627.3
   26800.0  27839.3
   27000.0  28047.1
   27200.0  28250.9
   27400.0  28450.6
   27600.0  28646.3
   27800.0  28838.1
   28000.0  29026.0
   28200.0  29210.1
   28400.0  29390.3
   28600.0  29566.9
   28800.0  29739.7
   29000.0  29908.9
   29200.0  30074.6
   29400.0  30236.7
   29600.0  30395.4
   29800.0  30550.6
   30000.0  30702.6