   200.000  4.054041E-02
   400.000  0.117111
   600.000  0.281816
   800.000  0.568474
   1000.00  1.00011
   1200.00  1.52643
   1400.00  0.297037
   1600.00  0.391321
   1800.00  0.520338
   2000.00  0.676572
   2200.00  0.861498
   2400.00  1.07830
   2600.00  1.32847
   2800.00  1.61413
   3000.00  1.93721
   3200.00  2.29987
   3400.00  2.70402
   3600.00  3.15165
   3800.00  3.64469
   4000.00  4.18510
   4200.00  4.77475
   4400.00  5.41560
   4600.00  6.10962
   4800.00  6.85841
   5000.00  7.66417
   5200.00  8.52858
   5400.00  9.45371
   5600.00  10.4415
   5800.00  11.4936
   6000.00  12.6119
   6200.00  13.7986
   6400.00  15.0551
   6600.00  16.3850
   6800.00  17.7873
   7000.00  19.2671
   7200.00  20.8244
   7400.00  22.4622
   7600.00  24.1820
   7800.00  25.9859
   8000.00  27.8767
   8200.00  29.8556
   8400.00  31.9254
   8600.00  34.0884
   8800.00  36.3465
   9000.00  38.7020
   9200.00  41.1575
   9400.00  43.7151
   9600.00  46.3772
   9800.00  49.1461
   10000.0  52.0253
   10200.0  55.0161
   10400.0  58.1217
   10600.0  61.3451
   10800.0  64.6887
   11000.0  68.1551
   11200.0  9.43574
   11400.0  9.86490
   11600.0  10.3070
   11800.0  10.7630
   12000.0  11.2332
   12200.0  11.7175
   12400.0  12.2166
   12600.0  12.7304
   12800.0  13.2591
   13000.0  13.8028
   13200.0  14.3621
   13400.0  14.9369
   13600.0  15.5275
   13800.0  16.1340
   14000.0  16.7566
   14200.0  17.3956
   14400.0  18.0512
   14600.0  18.7235
   14800.0  19.4127
   15000.0  20.1195
   15200.0  20.8436
   15400.0  21.5854
   15600.0  22.3449
   15800.0  23.1224
   16000.0  23.9183
   16200.0  24.7326
   16400.0  25.5654
   16600.0  26.4171
   16800.0  27.2880
   17000.0  28.1784
   17200.0  29.0880
   17400.0  30.0173
   17600.0  30.9664
   17800.0  31.9359
   18000.0  32.9254
   18200.0  33.9354
   18400.0  34.9664
   18600.0  36.0180
   18800.0  37.0909
   19000.0  38.1854
   19200.0  39.3011
   19400.0  40.4387
   19600.0  41.5982
   19800.0  42.7795
   20000.0  43.9836
   20200.0  45.2103
   20400.0  46.4594
   20600.0  47.7322
   20800.0  49.0276
   21000.0  50.3467
   21200.0  51.6893
   21400.0  53.0553
   21600.0  54.4457
   21800.0  55.8597
   22000.0  57.2989
   22200.0  58.7624
   22400.0  60.2505
   22600.0  61.7638
   22800.0  63.3018
   23000.0  64.8656
   23200.0  66.4542
   23400.0  68.0698
   23600.0  69.7103
   23800.0  71.3778
   24000.0  73.0708
   24200.0  74.7911
   24400.0  76.5377
   24600.0  78.3114
   24800.0  80.1120
   25000.0  81.9401
   25200.0  83.7954
   25400.0  85.6791
   25600.0  87.5900
   25800.0  89.5296
   26000.0  91.4968
   26200.0  93.4935
   26400.0  95.5180
   26600.0  97.5721
   26800.0  99.6541
   27000.0  101.766
   27200.0  103.907
   27400.0  106.078
   27600.0  108.278
   27800.0  110.509
   28000.0  112.770
   28200.0  115.061
   28400.0  117.383
   28600.0  119.734
   28800.0  122.118
   29000.0  124.532
   29200.0  126.978
   29400.0  129.455
   29600.0  131.963
   29800.0  134.503
   30000.0  137.075