   200.000  0.223845
   400.000  7.975553E-02
   600.000  9.406024E-02
   800.000  0.126087
   1000.00  0.175463
   1200.00  0.247977
   1400.00  0.335666
   1600.00  0.440790
   1800.00  0.566491
   2000.00  0.714252
   2200.00  0.886131
   2400.00  1.08591
   2600.00  0.493263
   2800.00  0.409866
   3000.00  0.487057
   3200.00  0.491460
   3400.00  0.571644
   3600.00  0.658920
   3800.00  0.710396
   4000.00  0.776001
   4200.00  0.870579
   4400.00  0.972640
   4600.00  1.08251
   4800.00  1.20045
   5000.00  1.32662
   5200.00  1.46124
   5400.00  1.60456
   5600.00  1.75672
   5800.00  1.91800
   6000.00  2.08851
   6200.00  2.26850
   6400.00  2.45809
   6600.00  2.65751
   6800.00  2.86688
   7000.00  3.08639
   7200.00  3.31623
   7400.00  3.55654
   7600.00  3.80744
   7800.00  4.06904
   8000.00  4.34166
   8200.00  4.62526
   8400.00  4.92003
   8600.00  5.22632
   8800.00  5.54377
   9000.00  5.87302
   9200.00  6.21380
   9400.00  6.56658
   9600.00  6.93117
   9800.00  7.30755
   10000.0  7.69989
   10200.0  8.10970
   10400.0  8.53215
   10600.0  8.96712
   10800.0  9.41471
   11000.0  9.87494
   11200.0  10.3478
   11400.0  10.8334
   11600.0  11.3315
   11800.0  11.8421
   12000.0  12.3653
   12200.0  12.9008
   12400.0  13.4489
   12600.0  14.0092
   12800.0  14.5818
   13000.0  15.1664
   13200.0  15.7634
   13400.0  16.3739
   13600.0  6.93769
   13800.0  7.22195
   14000.0  7.51350
   14200.0  7.81243
   14400.0  8.11882
   14600.0  8.43277
   14800.0  8.75420
   15000.0  9.08342
   15200.0  9.42037
   15400.0  9.76520
   15600.0  10.1179
   15800.0  7.46469
   16000.0  7.70063
   16200.0  7.94089
   16400.0  7.21852
   16600.0  7.43374
   16800.0  7.65264
   17000.0  7.87617
   17200.0  8.10418
   17400.0  8.33669
   17600.0  8.57409
   17800.0  8.81619
   18000.0  9.06291
   18200.0  9.31443
   18400.0  9.57089
   18600.0  9.83207
   18800.0  10.0982
   19000.0  10.3694
   19200.0  10.6454
   19400.0  10.9265
   19600.0  11.2127
   19800.0  11.5037
   20000.0  11.8002
   20200.0  12.1017
   20400.0  12.4083
   20600.0  12.7205
   20800.0  13.0378
   21000.0  13.3604
   21200.0  13.6884
   21400.0  14.0217
   21600.0  14.3606
   21800.0  14.7048
   22000.0  15.0547
   22200.0  15.4100
   22400.0  15.7710
   22600.0  16.1377
   22800.0  16.5098
   23000.0  16.8879
   23200.0  17.2714
   23400.0  17.6611
   23600.0  18.0562
   23800.0  18.4576
   24000.0  18.8646
   24200.0  19.2777
   24400.0  19.6966
   24600.0  20.1216
   24800.0  20.5525
   25000.0  20.9896
   25200.0  21.4327
   25400.0  21.8822
   25600.0  22.3376
   25800.0  22.7995
   26000.0  23.2674
   26200.0  23.7419
   26400.0  24.2224
   26600.0  24.7096
   26800.0  25.2028
   27000.0  25.7028
   27200.0  26.2090
   27400.0  26.7219
   27600.0  27.2412
   27800.0  27.7672
   28000.0  28.2998
   28200.0  28.8390
   28400.0  29.3850
   28600.0  29.9373
   28800.0  30.4969
   29000.0  31.0629
   29200.0  31.6360
   29400.0  32.2158
   29600.0  32.8024
   29800.0  33.3961
   30000.0  33.9965