   200.000  0.224363
   400.000  0.281751
   600.000  8.799347E-02
   800.000  0.109010
   1000.00  0.165976
   1200.00  0.251569
   1400.00  0.358366
   1600.00  0.486131
   1800.00  0.636867
   2000.00  0.814585
   2200.00  1.02137
   2400.00  1.26102
   2600.00  1.53605
   2800.00  1.84991
   3000.00  2.20660
   3200.00  2.61051
   3400.00  3.06684
   3600.00  3.58140
   3800.00  4.16097
   4000.00  1.47037
   4200.00  1.21399
   4400.00  1.36646
   4600.00  1.35014
   4800.00  1.49439
   5000.00  1.64973
   5200.00  1.81643
   5400.00  1.99487
   5600.00  2.18540
   5800.00  2.38839
   6000.00  2.60414
   6200.00  2.83306
   6400.00  3.07546
   6600.00  3.33179
   6800.00  3.60227
   7000.00  3.88736
   7200.00  4.18736
   7400.00  4.50263
   7600.00  4.83356
   7800.00  5.18047
   8000.00  5.54376
   8200.00  5.92366
   8400.00  6.32061
   8600.00  6.73483
   8800.00  7.16691
   9000.00  7.61681
   9200.00  8.08550
   9400.00  8.57260
   9600.00  9.07882
   9800.00  9.60441
   10000.0  10.1493
   10200.0  10.7145
   10400.0  11.3002
   10600.0  11.9065
   10800.0  12.5338
   11000.0  13.1824
   11200.0  13.8526
   11400.0  14.5448
   11600.0  15.2592
   11800.0  15.9961
   12000.0  16.7559
   12200.0  17.5386
   12400.0  18.3451
   12600.0  19.1751
   12800.0  20.0292
   13000.0  20.9074
   13200.0  21.8106
   13400.0  22.7384
   13600.0  23.6915
   13800.0  24.6699
   14000.0  25.6741
   14200.0  26.7043
   14400.0  27.7607
   14600.0  28.8437
   14800.0  29.9531
   15000.0  31.0899
   15200.0  32.2540
   15400.0  33.4458
   15600.0  34.6653
   15800.0  35.9129
   16000.0  37.1887
   16200.0  38.4931
   16400.0  39.8262
   16600.0  41.1885
   16800.0  42.5800
   17000.0  44.0012
   17200.0  45.4520
   17400.0  46.9327
   17600.0  48.4432
   17800.0  49.9845
   18000.0  51.5566
   18200.0  53.1591
   18400.0  54.7926
   18600.0  56.4573
   18800.0  58.1538
   19000.0  59.8816
   19200.0  61.6414
   19400.0  63.4334
   19600.0  65.2570
   19800.0  67.1131
   20000.0  69.0020
   20200.0  70.9240
   20400.0  72.8790
   20600.0  74.8672
   20800.0  76.8888
   21000.0  78.9437
   21200.0  81.0319
   21400.0  83.1542
   21600.0  85.3099
   21800.0  87.5001
   22000.0  89.7246
   22200.0  91.9837
   22400.0  94.2772
   22600.0  96.6053
   22800.0  98.9684
   23000.0  101.366
   23200.0  103.800
   23400.0  106.267
   23600.0  108.771
   23800.0  111.310
   24000.0  113.885
   24200.0  116.495
   24400.0  119.141
   24600.0  121.823
   24800.0  124.541
   25000.0  127.294
   25200.0  130.085
   25400.0  132.911
   25600.0  135.775
   25800.0  138.674
   26000.0  141.610
   26200.0  144.583
   26400.0  147.593
   26600.0  150.639
   26800.0  153.722
   27000.0  156.841
   27200.0  159.999
   27400.0  163.192
   27600.0  166.423
   27800.0  169.691
   28000.0  172.997
   28200.0  176.340
   28400.0  179.719
   28600.0  183.137
   28800.0  186.591
   29000.0  190.084
   29200.0  193.617
   29400.0  32.2858
   29600.0  32.8521
   29800.0  33.4243
   30000.0  34.0026