   200.000  0.195567
   400.000  0.262165
   600.000  7.146791E-02
   800.000  9.836929E-02
   1000.00  0.154933
   1200.00  0.236213
   1400.00  0.338119
   1600.00  0.457348
   1800.00  0.596223
   2000.00  0.763752
   2200.00  0.964339
   2400.00  1.20630
   2600.00  1.49638
   2800.00  1.84474
   3000.00  2.26480
   3200.00  2.77407
   3400.00  3.39650
   3600.00  1.03369
   3800.00  0.863540
   4000.00  0.987077
   4200.00  0.957479
   4400.00  1.07560
   4600.00  1.20338
   4800.00  1.34118
   5000.00  1.48934
   5200.00  1.64814
   5400.00  1.81791
   5600.00  1.99901
   5800.00  2.19177
   6000.00  2.39644
   6200.00  2.61346
   6400.00  2.84305
   6600.00  3.08560
   6800.00  3.34133
   7000.00  3.61068
   7200.00  3.89373
   7400.00  4.19109
   7600.00  4.50292
   7800.00  4.82928
   8000.00  5.17109
   8200.00  5.52805
   8400.00  5.90071
   8600.00  6.28923
   8800.00  6.69424
   9000.00  7.11553
   9200.00  7.55373
   9400.00  8.00951
   9600.00  8.48182
   9800.00  8.97251
   10000.0  9.48173
   10200.0  10.0085
   10400.0  10.5538
   10600.0  11.1179
   10800.0  11.7012
   11000.0  12.3038
   11200.0  12.9261
   11400.0  13.5684
   11600.0  14.2309
   11800.0  14.9137
   12000.0  15.6173
   12200.0  16.3418
   12400.0  17.0878
   12600.0  17.8552
   12800.0  18.6444
   13000.0  19.4556
   13200.0  20.2893
   13400.0  21.1454
   13600.0  22.0246
   13800.0  22.9267
   14000.0  23.8522
   14200.0  24.8012
   14400.0  25.7743
   14600.0  26.7715
   14800.0  27.7927
   15000.0  28.8389
   15200.0  29.9101
   15400.0  31.0065
   15600.0  32.1283
   15800.0  33.2758
   16000.0  34.4490
   16200.0  35.6484
   16400.0  36.8741
   16600.0  38.1267
   16800.0  39.4062
   17000.0  40.7129
   17200.0  42.0470
   17400.0  43.4087
   17600.0  44.7979
   17800.0  46.2156
   18000.0  47.6617
   18200.0  49.1363
   18400.0  50.6399
   18600.0  52.1725
   18800.0  53.7344
   19000.0  55.3259
   19200.0  56.9472
   19400.0  58.5990
   19600.0  60.2806
   19800.0  61.9927
   20000.0  63.7359
   20200.0  65.5104
   20400.0  67.3160
   20600.0  69.1536
   20800.0  71.0226
   21000.0  72.9238
   21200.0  74.8570
   21400.0  76.8227
   21600.0  78.8211
   21800.0  80.8523
   22000.0  82.9171
   22200.0  85.0152
   22400.0  87.1470
   22600.0  89.3127
   22800.0  91.5122
   23000.0  93.7465
   23200.0  96.0151
   23400.0  98.3188
   23600.0  100.657
   23800.0  103.031
   24000.0  105.440
   24200.0  107.886
   24400.0  110.367
   24600.0  112.884
   24800.0  115.438
   25000.0  118.028
   25200.0  120.655
   25400.0  123.320
   25600.0  126.022
   25800.0  128.762
   26000.0  131.539
   26200.0  134.355
   26400.0  137.208
   26600.0  140.098
   26800.0  22.7250
   27000.0  23.1631
   27200.0  23.6064
   27400.0  24.0558
   27600.0  24.5108
   27800.0  24.9718
   28000.0  25.4387
   28200.0  25.9113
   28400.0  26.3902
   28600.0  26.8745
   28800.0  27.3656
   29000.0  27.8622
   29200.0  28.3653
   29400.0  28.8743
   29600.0  29.3893
   29800.0  29.9108
   30000.0  30.4380