   200.000  5.570116E-02
   400.000  0.135510
   600.000  0.153146
   800.000  0.275760
   1000.00  0.446136
   1200.00  0.674998
   1400.00  0.959690
   1600.00  0.429059
   1800.00  0.418669
   2000.00  0.545152
   2200.00  0.681326
   2400.00  0.709761
   2600.00  0.833465
   2800.00  0.996376
   3000.00  1.17853
   3200.00  1.38068
   3400.00  1.60374
   3600.00  1.84850
   3800.00  2.11586
   4000.00  2.40652
   4200.00  2.72133
   4400.00  3.06095
   4600.00  3.42623
   4800.00  3.81781
   5000.00  4.23648
   5200.00  4.68293
   5400.00  5.15797
   5600.00  5.66223
   5800.00  6.19644
   6000.00  6.76141
   6200.00  7.35793
   6400.00  7.98662
   6600.00  8.64824
   6800.00  9.34364
   7000.00  10.0734
   7200.00  10.8383
   7400.00  11.6394
   7600.00  12.4772
   7800.00  13.3525
   8000.00  14.2666
   8200.00  15.2194
   8400.00  16.2124
   8600.00  17.2463
   8800.00  18.3224
   9000.00  19.4410
   9200.00  20.6026
   9400.00  8.52802
   9600.00  9.05771
   9800.00  9.60807
   10000.0  10.1799
   10200.0  10.7735
   10400.0  8.18778
   10600.0  8.65001
   10800.0  9.12902
   11000.0  8.53703
   11200.0  8.91344
   11400.0  9.30186
   11600.0  9.70240
   11800.0  10.1152
   12000.0  10.5406
   12200.0  10.9784
   12400.0  11.4293
   12600.0  11.8929
   12800.0  12.3696
   13000.0  12.8596
   13200.0  13.3631
   13400.0  13.8801
   13600.0  14.4109
   13800.0  14.9555
   14000.0  15.5142
   14200.0  16.0870
   14400.0  16.6742
   14600.0  17.2759
   14800.0  17.8921
   15000.0  18.5236
   15200.0  19.1700
   15400.0  19.8315
   15600.0  20.5083
   15800.0  21.2004
   16000.0  21.9084
   16200.0  22.6322
   16400.0  23.3718
   16600.0  24.1274
   16800.0  24.8994
   17000.0  25.6880
   17200.0  26.4931
   17400.0  27.3147
   17600.0  28.1532
   17800.0  29.0090
   18000.0  29.8817
   18200.0  30.7717
   18400.0  31.6794
   18600.0  32.6045
   18800.0  33.5476
   19000.0  34.5088
   19200.0  35.4877
   19400.0  36.4850
   19600.0  37.5006
   19800.0  38.5345
   20000.0  39.5875
   20200.0  40.6594
   20400.0  41.7498
   20600.0  42.8600
   20800.0  43.9890
   21000.0  45.1375
   21200.0  46.3054
   21400.0  47.4928
   21600.0  48.7004
   21800.0  49.9274
   22000.0  51.1751
   22200.0  52.4427
   22400.0  53.7308
   22600.0  55.0394
   22800.0  56.3683
   23000.0  57.7185
   23200.0  59.0891
   23400.0  60.4812
   23600.0  61.8939
   23800.0  63.3286
   24000.0  64.7841
   24200.0  66.2616
   24400.0  67.7604
   24600.0  69.2813
   24800.0  70.8239
   25000.0  72.3887
   25200.0  73.9755
   25400.0  75.5851
   25600.0  77.2167
   25800.0  78.8712
   26000.0  80.5480
   26200.0  82.2485
   26400.0  83.9712
   26600.0  85.7173
   26800.0  87.4860
   27000.0  89.2786
   27200.0  91.0941
   27400.0  92.9335
   27600.0  94.7962
   27800.0  96.6829
   28000.0  98.5937
   28200.0  100.528
   28400.0  102.487
   28600.0  104.469
   28800.0  106.477
   29000.0  108.508
   29200.0  110.565
   29400.0  112.645
   29600.0  114.751
   29800.0  116.881
   30000.0  119.036