  200.000  5.830076E-02
   400.000  0.285548
   600.000  0.781056
   800.000  1.69158
   1000.00  3.11547
   1200.00  5.13798
   1400.00  7.81085
   1600.00  0.944661
   1800.00  1.25295
   2000.00  1.62762
   2200.00  2.07529
   2400.00  2.60556
   2600.00  3.22312
   2800.00  3.93459
   3000.00  4.74671
   3200.00  5.66604
   3400.00  6.69942
   3600.00  7.85348
   3800.00  9.13513
   4000.00  10.5509
   4200.00  12.1080
   4400.00  13.8127
   4600.00  15.6724
   4800.00  17.6935
   5000.00  19.8829
   5200.00  22.2477
   5400.00  24.7945
   5600.00  27.5309
   5800.00  30.4617
   6000.00  33.5966
   6200.00  36.9404
   6400.00  40.5020
   6600.00  44.2870
   6800.00  48.3022
   7000.00  52.5550
   7200.00  57.0520
   7400.00  61.8010
   7600.00  66.8086
   7800.00  72.0811
   8000.00  77.6267
   8200.00  83.4509
   8400.00  89.5626
   8600.00  95.9689
   8800.00  102.674
   9000.00  109.686
   9200.00  117.016
   9400.00  124.666
   9600.00  132.640
   9800.00  140.955
   10000.0  149.608
   10200.0  158.615
   10400.0  167.979
   10600.0  177.705
   10800.0  187.803
   11000.0  198.279
   11200.0  209.140
   11400.0  220.393
   11600.0  232.044
   11800.0  244.098
   12000.0  256.568
   12200.0  269.453
   12400.0  282.770
   12600.0  296.513
   12800.0  310.699
   13000.0  325.327
   13200.0  340.413
   13400.0  355.956
   13600.0  371.966
   13800.0  388.447
   14000.0  405.407
   14200.0  422.852
   14400.0  440.789
   14600.0  459.224
   14800.0  478.157
   15000.0  497.608
   15200.0  517.594
   15400.0  538.106
   15600.0  559.148
   15800.0  580.728
   16000.0  602.851
   16200.0  625.523
   16400.0  648.751
   16600.0  672.541
   16800.0  696.898
   17000.0  721.834
   17200.0  747.345
   17400.0  773.437
   17600.0  800.118
   17800.0  827.400
   18000.0  855.279
   18200.0  883.761
   18400.0  912.859
   18600.0  942.569
   18800.0  972.900
   19000.0  1003.86
   19200.0  1035.44
   19400.0  1067.67
   19600.0  1100.53
   19800.0  1134.05
   20000.0  1168.40
   20200.0  1203.34
   20400.0  1238.83
   20600.0  1274.98
   20800.0  1311.75
   21000.0  1349.17
   21200.0  1387.24
   21400.0  1425.95
   21600.0  1465.30
   21800.0  1505.30
   22000.0  1545.96
   22200.0  1587.28
   22400.0  1629.24
   22600.0  1671.85
   22800.0  1715.11
   23000.0  1759.04
   23200.0  1803.61
   23400.0  1848.83
   23600.0  1894.70
   23800.0  1941.23
   24000.0  1988.40
   24200.0  2036.23
   24400.0  2084.70
   24600.0  2133.81
   24800.0  2183.57
   25000.0  2233.97
   25200.0  2285.00
   25400.0  2336.69
   25600.0  2389.00
   25800.0  2441.94
   26000.0  2495.51
   26200.0  2549.73
   26400.0  2604.55
   26600.0  2659.99
   26800.0  2716.03
   27000.0  2772.71
   27200.0  2829.97
   27400.0  2887.84
   27600.0  2946.31
   27800.0  3005.37
   28000.0  3065.02
   28200.0  3125.25
   28400.0  3186.06
   28600.0  3247.42
   28800.0  3309.38
   29000.0  3371.88
   29200.0  3434.94
   29400.0  3498.53
   29600.0  3562.66
   29800.0  3627.34
   30000.0  3692.52