   200.000  0.563970
   400.000  0.119836
   600.000  0.330756
   800.000  0.697201
   1000.00  1.28875
   1200.00  2.15159
   1400.00  3.34566
   1600.00  4.92339
   1800.00  6.93834
   2000.00  9.45062
   2200.00  12.5148
   2400.00  16.1983
   2600.00  20.5588
   2800.00  25.6600
   3000.00  31.5672
   3200.00  38.3485
   3400.00  46.0731
   3600.00  54.8134
   3800.00  64.6427
   4000.00  75.6269
   4200.00  87.8409
   4400.00  101.370
   4600.00  116.273
   4800.00  132.625
   5000.00  150.495
   5200.00  169.962
   5400.00  191.105
   5600.00  213.996
   5800.00  238.700
   6000.00  265.310
   6200.00  293.887
   6400.00  324.516
   6600.00  357.260
   6800.00  392.190
   7000.00  429.378
   7200.00  468.895
   7400.00  510.798
   7600.00  555.161
   7800.00  602.025
   8000.00  651.480
   8200.00  703.599
   8400.00  758.417
   8600.00  815.972
   8800.00  876.317
   9000.00  939.501
   9200.00  1005.55
   9400.00  1074.50
   9600.00  1146.35
   9800.00  1221.22
   10000.0  1299.02
   10200.0  1379.92
   10400.0  1463.84
   10600.0  1550.78
   10800.0  1640.74
   11000.0  1733.70
   11200.0  1829.66
   11400.0  1928.59
   11600.0  2030.45
   11800.0  2135.20
   12000.0  2242.83
   12200.0  2353.24
   12400.0  2466.44
   12600.0  2582.31
   12800.0  2700.81
   13000.0  2821.82
   13200.0  2945.34
   13400.0  3071.21
   13600.0  3199.38
   13800.0  3329.71
   14000.0  3462.12
   14200.0  3596.49
   14400.0  3732.72
   14600.0  3870.68
   14800.0  4010.19
   15000.0  4151.24
   15200.0  4294.68
   15400.0  4439.49
   15600.0  4585.53
   15800.0  4732.66
   16000.0  4880.73
   16200.0  5029.64
   16400.0  5179.25
   16600.0  5329.46
   16800.0  5480.10
   17000.0  5631.04
   17200.0  5782.17
   17400.0  5933.38
   17600.0  6084.41
   17800.0  6235.30
   18000.0  6385.89
   18200.0  6535.98
   18400.0  6685.52
   18600.0  6834.41
   18800.0  6982.53
   19000.0  7129.72
   19200.0  7275.95
   19400.0  7421.08
   19600.0  7564.97
   19800.0  7704.72
   20000.0  7828.14
   20200.0  7966.59
   20400.0  8113.67
   20600.0  8259.44
   20800.0  8403.87
   21000.0  8546.85
   21200.0  8688.33
   21400.0  8828.33
   21600.0  8966.68
   21800.0  9103.44
   22000.0  9238.53
   22200.0  9371.94
   22400.0  9503.60
   22600.0  9633.48
   22800.0  9761.59
   23000.0  9887.85
   23200.0  10012.3
   23400.0  10134.9
   23600.0  10255.6
   23800.0  10374.4
   24000.0  10491.4
   24200.0  10606.4
   24400.0  10719.6
   24600.0  10830.8
   24800.0  10940.2
   25000.0  11047.6
   25200.0  11153.2
   25400.0  11256.9
   25600.0  11358.8
   25800.0  11458.7
   26000.0  11556.9
   26200.0  11653.1
   26400.0  11747.6
   26600.0  11840.2
   26800.0  11931.1
   27000.0  12020.2
   27200.0  12107.5
   27400.0  12193.1
   27600.0  12277.0
   27800.0  12359.2
   28000.0  12439.7
   28200.0  12518.6
   28400.0  12595.9
   28600.0  12671.5
   28800.0  12745.6
   29000.0  12818.1
   29200.0  12889.1
   29400.0  12958.6
   29600.0  13026.6
   29800.0  13093.1
   30000.0  13158.3