   200.000  0.233533
   400.000  4.128272E-02
   600.000  0.179555
   800.000  0.334692
   1000.00  0.570859
   1200.00  0.897080
   1400.00  1.33349
   1600.00  1.88003
   1800.00  2.54533
   2000.00  3.35724
   2200.00  4.32302
   2400.00  5.44536
   2600.00  6.73343
   2800.00  8.19610
   3000.00  9.89037
   3200.00  11.8044
   3400.00  13.9384
   3600.00  16.3025
   3800.00  18.9064
   4000.00  21.8261
   4200.00  25.0667
   4400.00  28.6031
   4600.00  4.14570
   4800.00  4.61170
   5000.00  5.10779
   5200.00  5.63463
   5400.00  6.19279
   5600.00  6.78378
   5800.00  7.43550
   6000.00  8.13595
   6200.00  8.87619
   6400.00  9.65697
   6600.00  10.4792
   6800.00  11.3437
   7000.00  12.2513
   7200.00  13.2028
   7400.00  14.2029
   7600.00  15.2826
   7800.00  16.4219
   8000.00  17.6139
   8200.00  18.8600
   8400.00  20.1607
   8600.00  21.5173
   8800.00  22.9308
   9000.00  24.4022
   9200.00  25.9324
   9400.00  27.5224
   9600.00  29.1732
   9800.00  30.8879
   10000.0  32.6927
   10200.0  34.5679
   10400.0  36.5144
   10600.0  38.5334
   10800.0  40.6270
   11000.0  42.7967
   11200.0  45.0428
   11400.0  47.3672
   11600.0  49.7710
   11800.0  52.2560
   12000.0  54.8231
   12200.0  57.4738
   12400.0  60.2098
   12600.0  63.0325
   12800.0  65.9426
   13000.0  68.9419
   13200.0  72.0313
   13400.0  75.2125
   13600.0  78.4874
   13800.0  81.8567
   14000.0  85.3213
   14200.0  88.8830
   14400.0  92.5436
   14600.0  96.3041
   14800.0  100.167
   15000.0  104.131
   15200.0  108.200
   15400.0  112.374
   15600.0  116.654
   15800.0  121.042
   16000.0  125.539
   16200.0  130.147
   16400.0  134.866
   16600.0  139.700
   16800.0  144.648
   17000.0  149.710
   17200.0  154.890
   17400.0  160.189
   17600.0  165.607
   17800.0  171.147
   18000.0  176.809
   18200.0  182.594
   18400.0  188.504
   18600.0  194.539
   18800.0  200.703
   19000.0  206.994
   19200.0  213.414
   19400.0  219.968
   19600.0  226.653
   19800.0  233.471
   20000.0  240.425
   20200.0  247.516
   20400.0  254.745
   20600.0  262.112
   20800.0  269.618
   21000.0  277.268
   21200.0  285.058
   21400.0  292.992
   21600.0  301.070
   21800.0  309.293
   22000.0  317.665
   22200.0  326.184
   22400.0  334.853
   22600.0  343.671
   22800.0  352.642
   23000.0  361.765
   23200.0  371.043
   23400.0  380.476
   23600.0  390.064
   23800.0  399.810
   24000.0  409.712
   24200.0  419.776
   24400.0  429.998
   24600.0  440.381
   24800.0  450.926
   25000.0  461.636
   25200.0  472.509
   25400.0  483.549
   25600.0  494.753
   25800.0  506.129
   26000.0  517.670
   26200.0  529.382
   26400.0  541.261
   26600.0  553.313
   26800.0  565.535
   27000.0  577.932
   27200.0  590.503
   27400.0  603.249
   27600.0  616.172
   27800.0  629.268
   28000.0  642.544
   28200.0  655.993
   28400.0  669.629
   28600.0  683.440
   28800.0  697.434
   29000.0  711.610
   29200.0  725.966
   29400.0  740.502
   29600.0  755.218
   29800.0  770.127
   30000.0  785.217