   200.000  9.795874E-02
   400.000  9.122337E-02
   600.000  0.177741
   800.000  0.317434
   1000.00  0.525122
   1200.00  0.797865
   1400.00  1.14676
   1600.00  1.57017
   1800.00  2.07168
   2000.00  2.65462
   2200.00  0.756875
   2400.00  0.817199
   2600.00  0.974381
   2800.00  1.14674
   3000.00  1.37101
   3200.00  1.62377
   3400.00  1.90175
   3600.00  2.20206
   3800.00  2.52965
   4000.00  2.89749
   4200.00  3.29386
   4400.00  3.69760
   4600.00  4.12953
   4800.00  4.59026
   5000.00  5.09419
   5200.00  5.65482
   5400.00  6.25246
   5600.00  6.88803
   5800.00  7.56244
   6000.00  8.27663
   6200.00  9.03147
   6400.00  9.82784
   6600.00  10.6667
   6800.00  11.5488
   7000.00  12.4750
   7200.00  13.4463
   7400.00  14.4634
   7600.00  15.5271
   7800.00  16.6383
   8000.00  17.7978
   8200.00  19.0564
   8400.00  20.4392
   8600.00  21.8875
   8800.00  23.4013
   9000.00  24.9822
   9200.00  26.6315
   9400.00  28.3506
   9600.00  30.1410
   9800.00  32.0035
   10000.0  33.7777
   10200.0  35.6776
   10400.0  37.6450
   10600.0  39.6806
   10800.0  41.7852
   11000.0  43.9595
   11200.0  46.2054
   11400.0  48.5231
   11600.0  50.9136
   11800.0  53.3781
   12000.0  55.9175
   12200.0  58.5330
   12400.0  61.2252
   12600.0  63.9945
   12800.0  66.8428
   13000.0  69.7706
   13200.0  72.7787
   13400.0  75.8682
   13600.0  79.0395
   13800.0  82.2938
   14000.0  85.6325
   14200.0  89.0558
   14400.0  92.5646
   14600.0  96.1598
   14800.0  99.8431
   15000.0  103.614
   15200.0  107.474
   15400.0  111.425
   15600.0  115.466
   15800.0  119.599
   16000.0  123.825
   16200.0  128.143
   16400.0  132.556
   16600.0  137.064
   16800.0  141.668
   17000.0  146.368
   17200.0  22.0630
   17400.0  22.7112
   17600.0  23.3719
   17800.0  24.0459
   18000.0  24.7347
   18200.0  25.4370
   18400.0  26.1529
   18600.0  26.8837
   18800.0  27.6285
   19000.0  28.3872
   19200.0  29.1613
   19400.0  29.9499
   19600.0  30.7527
   19800.0  31.5714
   20000.0  32.4046
   20200.0  33.2530
   20400.0  34.1173
   20600.0  34.9964
   20800.0  35.8915
   21000.0  36.8023
   21200.0  37.7288
   21400.0  38.6720
   21600.0  39.6304
   21800.0  40.6058
   22000.0  41.5971
   22200.0  42.6053
   22400.0  43.6302
   22600.0  44.6715
   22800.0  45.7303
   23000.0  46.8053
   23200.0  47.8988
   23400.0  49.0084
   23600.0  50.1366
   23800.0  51.2814
   24000.0  52.4446
   24200.0  53.6251
   24400.0  54.8242
   24600.0  56.0409
   24800.0  57.2764
   25000.0  58.5298
   25200.0  59.8021
   25400.0  61.0926
   25600.0  62.4025
   25800.0  63.7307
   26000.0  65.0784
   26200.0  66.4445
   26400.0  67.8308
   26600.0  69.2355
   26800.0  70.6611
   27000.0  72.1050
   27200.0  73.5700
   27400.0  75.0538
   27600.0  76.5586
   27800.0  78.0831
   28000.0  79.6282
   28200.0  81.1939
   28400.0  82.7797
   28600.0  84.3868
   28800.0  86.0135
   29000.0  87.6628
   29200.0  89.3320
   29400.0  91.0231
   29600.0  92.7354
   29800.0  94.4685
   30000.0  96.2233