   200.000  9.339915E-02
   400.000  0.336568
   600.000  8.554636E-02
   800.000  0.151038
   1000.00  0.256446
   1200.00  0.401774
   1400.00  0.591373
   1600.00  0.832389
   1800.00  1.13098
   2000.00  1.49188
   2200.00  1.91921
   2400.00  2.41902
   2600.00  2.99543
   2800.00  3.65325
   3000.00  4.39733
   3200.00  5.23235
   3400.00  6.16323
   3600.00  7.19492
   3800.00  8.33220
   4000.00  9.58039
   4200.00  10.9448
   4400.00  12.4303
   4600.00  14.0429
   4800.00  15.7880
   5000.00  17.6724
   5200.00  19.7008
   5400.00  21.8802
   5600.00  2.86475
   5800.00  3.12203
   6000.00  3.39581
   6200.00  3.68668
   6400.00  3.99504
   6600.00  4.32150
   6800.00  4.66636
   7000.00  5.03026
   7200.00  5.41358
   7400.00  5.81707
   7600.00  6.24095
   7800.00  6.68570
   8000.00  7.15227
   8200.00  7.64064
   8400.00  8.15179
   8600.00  8.68583
   8800.00  9.24360
   9000.00  9.82486
   9200.00  10.4315
   9400.00  11.0630
   9600.00  11.7199
   9800.00  12.4028
   10000.0  13.1125
   10200.0  13.8494
   10400.0  14.6141
   10600.0  15.4070
   10800.0  16.2287
   11000.0  17.0796
   11200.0  17.9603
   11400.0  18.8713
   11600.0  19.8131
   11800.0  20.7860
   12000.0  21.7911
   12200.0  22.8282
   12400.0  23.8985
   12600.0  25.0021
   12800.0  26.1396
   13000.0  27.3113
   13200.0  28.5183
   13400.0  29.7606
   13600.0  31.0391
   13800.0  32.3539
   14000.0  33.7057
   14200.0  35.0950
   14400.0  36.5223
   14600.0  37.9883
   14800.0  39.4929
   15000.0  41.0376
   15200.0  42.6224
   15400.0  44.2480
   15600.0  45.9147
   15800.0  47.6228
   16000.0  49.3732
   16200.0  51.1662
   16400.0  53.0023
   16600.0  54.8821
   16800.0  56.8061
   17000.0  58.7751
   17200.0  60.7892
   17400.0  62.8488
   17600.0  64.9542
   17800.0  67.1068
   18000.0  69.3066
   18200.0  71.5537
   18400.0  73.8494
   18600.0  76.1936
   18800.0  78.5872
   19000.0  81.0305
   19200.0  83.5236
   19400.0  86.0677
   19600.0  88.6626
   19800.0  91.3087
   20000.0  94.0075
   20200.0  96.7596
   20400.0  99.5643
   20600.0  102.424
   20800.0  105.336
   21000.0  108.304
   21200.0  111.326
   21400.0  114.404
   21600.0  117.538
   21800.0  120.727
   22000.0  123.975
   22200.0  127.279
   22400.0  130.642
   22600.0  134.063
   22800.0  137.542
   23000.0  141.081
   23200.0  144.679
   23400.0  148.338
   23600.0  152.056
   23800.0  155.837
   24000.0  159.678
   24200.0  163.582
   24400.0  167.547
   24600.0  171.575
   24800.0  175.666
   25000.0  179.821
   25200.0  184.039
   25400.0  188.324
   25600.0  192.672
   25800.0  197.085
   26000.0  201.564
   26200.0  206.111
   26400.0  210.723
   26600.0  215.402
   26800.0  220.147
   27000.0  224.961
   27200.0  229.842
   27400.0  234.792
   27600.0  239.811
   27800.0  244.899
   28000.0  250.057
   28200.0  255.284
   28400.0  260.582
   28600.0  265.949
   28800.0  271.390
   29000.0  276.900
   29200.0  282.483
   29400.0  288.137
   29600.0  293.864
   29800.0  299.663
   30000.0  305.534