   200.000  8.513468E-02
   400.000  0.237406
   600.000  8.159180E-02
   800.000  6.927122E-02
   1000.00  7.396313E-02
   1200.00  0.107020
   1400.00  0.139051
   1600.00  0.179678
   1800.00  0.231263
   2000.00  0.292324
   2200.00  0.361341
   2400.00  0.440684
   2600.00  0.530821
   2800.00  0.630627
   3000.00  0.740147
   3200.00  0.858551
   3400.00  1.01030
   3600.00  0.467835
   3800.00  0.409212
   4000.00  0.448506
   4200.00  0.487231
   4400.00  0.463681
   4600.00  0.513398
   4800.00  0.565149
   5000.00  0.613359
   5200.00  0.634070
   5400.00  0.687346
   5600.00  0.742916
   5800.00  0.804368
   6000.00  0.871054
   6200.00  0.940802
   6400.00  1.01182
   6600.00  1.08023
   6800.00  1.15063
   7000.00  1.22337
   7200.00  1.29848
   7400.00  1.37594
   7600.00  1.46857
   7800.00  1.57589
   8000.00  1.68802
   8200.00  1.80294
   8400.00  1.90836
   8600.00  2.01724
   8800.00  2.13416
   9000.00  2.27175
   9200.00  2.41545
   9400.00  2.54031
   9600.00  2.48354
   9800.00  2.58762
   10000.0  2.72562
   10200.0  2.86893
   10400.0  3.01723
   10600.0  3.17064
   10800.0  3.32921
   11000.0  3.49301
   11200.0  3.66215
   11400.0  3.83673
   11600.0  4.01680
   11800.0  4.20243
   12000.0  4.39379
   12200.0  4.59086
   12400.0  4.79386
   12600.0  5.00278
   12800.0  5.21775
   13000.0  5.43881
   13200.0  5.66617
   13400.0  5.89981
   13600.0  6.13990
   13800.0  6.38645
   14000.0  6.63961
   14200.0  6.89947
   14400.0  7.16611
   14600.0  7.43966
   14800.0  7.72010
   15000.0  8.00779
   15200.0  8.30265
   15400.0  8.60481
   15600.0  8.91433
   15800.0  9.23134
   16000.0  9.55600
   16200.0  9.88838
   16400.0  10.2285
   16600.0  10.5766
   16800.0  10.9328
   17000.0  11.2971
   17200.0  4.82284
   17400.0  4.97537
   17600.0  5.13087
   17800.0  5.28940
   18000.0  5.45097
   18200.0  5.61559
   18400.0  5.78329
   18600.0  5.95412
   18800.0  6.12809
   19000.0  6.30520
   19200.0  6.48548
   19400.0  6.66897
   19600.0  6.85565
   19800.0  7.04557
   20000.0  7.23878
   20200.0  7.43529
   20400.0  7.63509
   20600.0  7.83824
   20800.0  8.04475
   21000.0  5.82277
   21200.0  5.96514
   21400.0  6.10962
   21600.0  6.25617
   21800.0  5.63891
   22000.0  5.76396
   22200.0  5.89088
   22400.0  6.01979
   22600.0  6.15075
   22800.0  6.28361
   23000.0  6.41862
   23200.0  6.55543
   23400.0  6.69458
   23600.0  6.83553
   23800.0  6.97875
   24000.0  7.12384
   24200.0  7.27120
   24400.0  7.42051
   24600.0  7.57206
   24800.0  7.72560
   25000.0  7.88141
   25200.0  8.03924
   25400.0  8.19938
   25600.0  8.36154
   25800.0  8.52605
   26000.0  8.69258
   26200.0  8.86154
   26400.0  9.03249
   26600.0  9.20591
   26800.0  9.38132
   27000.0  9.55925
   27200.0  9.73922
   27400.0  9.92165
   27600.0  10.1063
   27800.0  10.2932
   28000.0  10.4825
   28200.0  10.6741
   28400.0  10.8681
   28600.0  11.0643
   28800.0  11.2631
   29000.0  11.4641
   29200.0  11.6676
   29400.0  11.8734
   29600.0  12.0816
   29800.0  12.2924
   30000.0  12.5054