   200.000  0.111330
   400.000  0.643634
   600.000  2.01745
   800.000  4.66855
   1000.00  9.02999
   1200.00  15.5451
   1400.00  24.6083
   1600.00  36.7665
   1800.00  52.6242
   2000.00  72.5186
   2200.00  97.4160
   2400.00  127.616
   2600.00  163.576
   2800.00  205.813
   3000.00  254.828
   3200.00  312.169
   3400.00  377.812
   3600.00  452.186
   3800.00  535.813
   4000.00  629.206
   4200.00  733.529
   4400.00  849.505
   4600.00  977.051
   4800.00  1116.62
   5000.00  1268.64
   5200.00  1433.54
   5400.00  1613.16
   5600.00  1806.76
   5800.00  2014.46
   6000.00  2236.49
   6200.00  2473.09
   6400.00  2724.99
   6600.00  2992.90
   6800.00  3275.73
   7000.00  3573.41
   7200.00  3885.79
   7400.00  4212.59
   7600.00  4553.54
   7800.00  4908.27
   8000.00  5276.28
   8200.00  5657.77
   8400.00  6052.99
   8600.00  6461.92
   8800.00  6882.13
   9000.00  7312.89
   9200.00  7753.30
   9400.00  8202.56
   9600.00  8659.71
   9800.00  9123.82
   10000.0  9593.93
   10200.0  10073.2
   10400.0  10557.3
   10600.0  11045.1
   10800.0  11535.8
   11000.0  12028.5
   11200.0  12522.1
   11400.0  13015.7
   11600.0  13508.5
   11800.0  13999.4
   12000.0  14487.8
   12200.0  14972.7
   12400.0  15453.6
   12600.0  15933.4
   12800.0  16408.0
   13000.0  16876.3
   13200.0  17337.7
   13400.0  17791.7
   13600.0  18237.9
   13800.0  18675.6
   14000.0  19104.5
   14200.0  19524.3
   14400.0  19934.7
   14600.0  20335.4
   14800.0  20726.1
   15000.0  21106.7
   15200.0  21496.1
   15400.0  21876.3
   15600.0  22247.2
   15800.0  22608.8
   16000.0  22961.1
   16200.0  23304.0
   16400.0  23638.7
   16600.0  23965.2
   16800.0  24282.6
   17000.0  24590.5
   17200.0  24889.3
   17400.0  25179.0
   17600.0  25459.7
   17800.0  25731.7
   18000.0  25994.9
   18200.0  26249.6
   18400.0  26495.9
   18600.0  26734.0
   18800.0  26964.1
   19000.0  27186.4
   19200.0  27401.1
   19400.0  27608.2
   19600.0  27808.0
   19800.0  28000.8
   20000.0  28186.6
   20200.0  28389.0
   20400.0  28585.4
   20600.0  28775.7
   20800.0  28960.3
   21000.0  29139.3
   21200.0  29312.8
   21400.0  29480.8
   21600.0  29643.7
   21800.0  29801.6
   22000.0  29954.5
   22200.0  30102.7
   22400.0  30246.3
   22600.0  30385.4
   22800.0  30520.1
   23000.0  30650.6
   23200.0  30777.0
   23400.0  30899.5
   23600.0  31018.0
   23800.0  31132.9
   24000.0  31244.2
   24200.0  31351.9
   24400.0  31456.2
   24600.0  31557.3
   24800.0  31655.1
   25000.0  31749.9
   25200.0  31841.7
   25400.0  31930.6
   25600.0  32016.7
   25800.0  32100.1
   26000.0  32180.8
   26200.0  32259.1
   26400.0  32334.8
   26600.0  32408.2
   26800.0  32479.2
   27000.0  32548.0
   27200.0  32614.6
   27400.0  32679.2
   27600.0  32741.7
   27800.0  32802.2
   28000.0  32860.9
   28200.0  32917.7
   28400.0  32972.7
   28600.0  33026.0
   28800.0  33077.6
   29000.0  33127.5
   29200.0  33175.9
   29400.0  33222.8
   29600.0  33268.2
   29800.0  33312.2
   30000.0  33354.8