   200.000  6.473538E-02
   400.000  0.218692
   600.000  0.521130
   800.000  0.101699
   1000.00  0.171660
   1200.00  0.266702
   1400.00  0.389993
   1600.00  0.545838
   1800.00  0.738981
   2000.00  0.974678
   2200.00  1.25588
   2400.00  1.58753
   2600.00  1.97241
   2800.00  2.41392
   3000.00  2.91531
   3200.00  3.47973
   3400.00  4.10994
   3600.00  4.80895
   3800.00  5.57911
   4000.00  6.42286
   4200.00  7.34259
   4400.00  8.34034
   4600.00  9.41798
   4800.00  10.5770
   5000.00  11.8190
   5200.00  13.1460
   5400.00  14.5582
   5600.00  16.0570
   5800.00  17.6434
   6000.00  19.3181
   6200.00  21.0812
   6400.00  22.9337
   6600.00  3.08605
   6800.00  3.32016
   7000.00  3.56676
   7200.00  3.82643
   7400.00  4.09946
   7600.00  4.38638
   7800.00  4.68706
   8000.00  5.00235
   8200.00  5.33213
   8400.00  5.67698
   8600.00  6.03718
   8800.00  6.41324
   9000.00  6.80488
   9200.00  7.21314
   9400.00  7.63810
   9600.00  8.07992
   9800.00  8.53890
   10000.0  9.01596
   10200.0  9.51070
   10400.0  10.0238
   10600.0  10.5556
   10800.0  11.1064
   11000.0  11.6765
   11200.0  12.2663
   11400.0  12.8762
   11600.0  13.5063
   11800.0  14.1570
   12000.0  14.8289
   12200.0  15.5219
   12400.0  16.2369
   12600.0  16.9737
   12800.0  17.7330
   13000.0  18.5147
   13200.0  19.3198
   13400.0  20.1481
   13600.0  21.0002
   13800.0  21.8762
   14000.0  22.7766
   14200.0  23.7016
   14400.0  24.6517
   14600.0  25.6271
   14800.0  26.6280
   15000.0  27.6554
   15200.0  28.7091
   15400.0  29.7896
   15600.0  30.8971
   15800.0  32.0319
   16000.0  33.1944
   16200.0  34.3850
   16400.0  35.6039
   16600.0  36.8515
   16800.0  38.1282
   17000.0  39.4344
   17200.0  40.7702
   17400.0  42.1359
   17600.0  43.5319
   17800.0  44.9588
   18000.0  46.4166
   18200.0  47.9056
   18400.0  49.4264
   18600.0  50.9791
   18800.0  52.5642
   19000.0  54.1821
   19200.0  55.8326
   19400.0  57.5167
   19600.0  59.2340
   19800.0  60.9850
   20000.0  62.7708
   20200.0  64.5914
   20400.0  66.4465
   20600.0  68.3377
   20800.0  70.2638
   21000.0  72.2259
   21200.0  74.2241
   21400.0  76.2585
   21600.0  78.3300
   21800.0  80.4380
   22000.0  82.5843
   22200.0  84.7681
   22400.0  86.9896
   22600.0  89.2498
   22800.0  91.5481
   23000.0  93.8860
   23200.0  96.2625
   23400.0  98.6791
   23600.0  101.135
   23800.0  103.632
   24000.0  106.168
   24200.0  108.746
   24400.0  111.364
   24600.0  114.024
   24800.0  116.725
   25000.0  119.468
   25200.0  122.253
   25400.0  125.081
   25600.0  127.952
   25800.0  130.866
   26000.0  133.822
   26200.0  136.824
   26400.0  139.868
   26600.0  142.957
   26800.0  146.090
   27000.0  149.268
   27200.0  152.490
   27400.0  155.758
   27600.0  159.070
   27800.0  162.430
   28000.0  165.835
   28200.0  169.286
   28400.0  172.784
   28600.0  176.328
   28800.0  179.920
   29000.0  183.558
   29200.0  187.245
   29400.0  190.979
   29600.0  194.761
   29800.0  198.592
   30000.0  202.470