   200.000  0.271353
   400.000  1.45264
   600.000  4.11765
   800.000  8.82029
   1000.00  16.3663
   1200.00  1.76939
   1400.00  2.62997
   1600.00  3.70679
   1800.00  5.03291
   2000.00  6.66280
   2200.00  8.62239
   2400.00  10.9535
   2600.00  13.6829
   2800.00  16.8433
   3000.00  20.4675
   3200.00  24.5888
   3400.00  29.2403
   3600.00  34.4564
   3800.00  40.2704
   4000.00  46.7160
   4200.00  53.8296
   4400.00  61.6434
   4600.00  70.1945
   4800.00  79.5116
   5000.00  89.6417
   5200.00  100.604
   5400.00  112.451
   5600.00  125.208
   5800.00  138.913
   6000.00  153.601
   6200.00  169.311
   6400.00  186.076
   6600.00  203.934
   6800.00  222.921
   7000.00  243.071
   7200.00  264.426
   7400.00  287.015
   7600.00  310.881
   7800.00  336.050
   8000.00  362.574
   8200.00  390.477
   8400.00  419.812
   8600.00  450.588
   8800.00  482.873
   9000.00  516.668
   9200.00  552.058
   9400.00  589.030
   9600.00  627.632
   9800.00  667.910
   10000.0  709.902
   10200.0  753.645
   10400.0  799.171
   10600.0  846.510
   10800.0  895.701
   11000.0  946.772
   11200.0  999.764
   11400.0  1054.71
   11600.0  1111.64
   11800.0  1170.57
   12000.0  1231.56
   12200.0  1294.61
   12400.0  1359.79
   12600.0  1427.10
   12800.0  1496.58
   13000.0  1568.24
   13200.0  1642.16
   13400.0  1718.31
   13600.0  1796.75
   13800.0  1877.49
   14000.0  1960.56
   14200.0  2045.99
   14400.0  2133.79
   14600.0  2224.00
   14800.0  2316.60
   15000.0  2411.67
   15200.0  2509.37
   15400.0  2609.58
   15600.0  2712.32
   15800.0  2817.60
   16000.0  2925.43
   16200.0  3035.84
   16400.0  3148.84
   16600.0  3264.45
   16800.0  3382.70
   17000.0  3503.59
   17200.0  3627.11
   17400.0  3753.29
   17600.0  3882.10
   17800.0  4013.62
   18000.0  4147.81
   18200.0  4284.66
   18400.0  4424.21
   18600.0  4566.44
   18800.0  4711.39
   19000.0  4859.02
   19200.0  5009.31
   19400.0  5162.31
   19600.0  5317.96
   19800.0  5476.16
   20000.0  5636.50
   20200.0  5800.29
   20400.0  5967.03
   20600.0  6136.46
   20800.0  6308.53
   21000.0  6483.23
   21200.0  6660.57
   21400.0  6840.52
   21600.0  7023.07
   21800.0  7208.19
   22000.0  7395.93
   22200.0  7586.20
   22400.0  7778.98
   22600.0  7974.29
   22800.0  8172.06
   23000.0  8372.34
   23200.0  8575.04
   23400.0  8780.17
   23600.0  8987.64
   23800.0  9197.51
   24000.0  9409.67
   24200.0  9624.17
   24400.0  9840.93
   24600.0  10059.9
   24800.0  10281.1
   25000.0  10504.5
   25200.0  10730.0
   25400.0  10957.6
   25600.0  11187.2
   25800.0  11418.9
   26000.0  11652.6
   26200.0  11888.3
   26400.0  12125.8
   26600.0  12365.2
   26800.0  12606.3
   27000.0  12849.3
   27200.0  13093.9
   27400.0  13340.3
   27600.0  13588.3
   27800.0  13837.9
   28000.0  14089.1
   28200.0  14341.8
   28400.0  14595.9
   28600.0  14851.3
   28800.0  15108.2
   29000.0  15366.4
   29200.0  15625.8
   29400.0  15886.4
   29600.0  16148.2
   29800.0  16411.1
   30000.0  16675.0