   200.000  0.145788
   400.000  0.523738
   600.000  0.115174
   800.000  0.221889
   1000.00  0.380454
   1200.00  0.598639
   1400.00  0.884589
   1600.00  1.25011
   1800.00  1.70489
   2000.00  2.25573
   2200.00  2.90875
   2400.00  3.67354
   2600.00  4.55641
   2800.00  5.56449
   3000.00  6.70488
   3200.00  7.98489
   3400.00  9.41118
   3600.00  10.9911
   3800.00  12.7320
   4000.00  14.6402
   4200.00  16.7241
   4400.00  18.9896
   4600.00  21.4443
   4800.00  24.0970
   5000.00  3.13390
   5200.00  3.45055
   5400.00  3.78981
   5600.00  4.15257
   5800.00  4.53957
   6000.00  4.95166
   6200.00  5.38945
   6400.00  5.85388
   6600.00  6.34552
   6800.00  6.86527
   7000.00  7.41391
   7200.00  7.99209
   7400.00  8.60081
   7600.00  9.24080
   7800.00  9.91259
   8000.00  10.6170
   8200.00  11.3554
   8400.00  12.1281
   8600.00  12.9358
   8800.00  13.7793
   9000.00  14.6596
   9200.00  15.5775
   9400.00  16.5330
   9600.00  17.5288
   9800.00  18.5638
   10000.0  19.6396
   10200.0  20.7570
   10400.0  21.9165
   10600.0  23.1193
   10800.0  24.3658
   11000.0  25.6571
   11200.0  26.9937
   11400.0  28.3767
   11600.0  29.8067
   11800.0  31.2840
   12000.0  32.8107
   12200.0  34.3867
   12400.0  36.0127
   12600.0  37.6896
   12800.0  39.4185
   13000.0  41.2001
   13200.0  43.0353
   13400.0  44.9242
   13600.0  46.8683
   13800.0  48.8682
   14000.0  50.9246
   14200.0  53.0383
   14400.0  55.2101
   14600.0  57.4406
   14800.0  59.7305
   15000.0  62.0817
   15200.0  64.4936
   15400.0  66.9682
   15600.0  69.5052
   15800.0  72.1054
   16000.0  74.7704
   16200.0  77.5010
   16400.0  80.2969
   16600.0  83.1594
   16800.0  86.0900
   17000.0  89.0881
   17200.0  92.1553
   17400.0  95.2924
   17600.0  98.5005
   17800.0  101.779
   18000.0  105.130
   18200.0  108.553
   18400.0  112.051
   18600.0  115.622
   18800.0  119.268
   19000.0  122.990
   19200.0  126.788
   19400.0  130.664
   19600.0  134.617
   19800.0  138.649
   20000.0  142.761
   20200.0  146.954
   20400.0  151.227
   20600.0  155.583
   20800.0  160.020
   21000.0  164.542
   21200.0  169.147
   21400.0  173.835
   21600.0  178.610
   21800.0  183.470
   22000.0  188.416
   22200.0  193.450
   22400.0  198.571
   22600.0  203.782
   22800.0  209.080
   23000.0  214.472
   23200.0  219.952
   23400.0  225.525
   23600.0  231.188
   23800.0  236.944
   24000.0  242.792
   24200.0  248.736
   24400.0  254.774
   24600.0  260.907
   24800.0  267.136
   25000.0  273.462
   25200.0  279.885
   25400.0  286.405
   25600.0  293.023
   25800.0  299.740
   26000.0  306.555
   26200.0  313.473
   26400.0  320.490
   26600.0  327.607
   26800.0  334.826
   27000.0  342.148
   27200.0  349.572
   27400.0  357.102
   27600.0  364.733
   27800.0  372.471
   28000.0  380.312
   28200.0  388.259
   28400.0  396.313
   28600.0  404.472
   28800.0  412.738
   29000.0  421.110
   29200.0  429.592
   29400.0  438.180
   29600.0  446.880
   29800.0  455.688
   30000.0  464.606