   200.000  0.160557
   400.000  3.587042E-02
   600.000  5.717010E-02
   800.000  0.101495
   1000.00  0.164245
   1200.00  0.249655
   1400.00  0.356030
   1600.00  0.486954
   1800.00  0.645552
   2000.00  0.833239
   2200.00  1.05193
   2400.00  1.30472
   2600.00  1.59363
   2800.00  0.397329
   3000.00  0.458114
   3200.00  0.483812
   3400.00  0.561638
   3600.00  0.647764
   3800.00  0.742550
   4000.00  0.846408
   4200.00  0.959637
   4400.00  1.08262
   4600.00  1.21572
   4800.00  1.35929
   5000.00  1.51369
   5200.00  1.67925
   5400.00  1.85631
   5600.00  2.04526
   5800.00  2.24641
   6000.00  2.46011
   6200.00  2.68667
   6400.00  2.92639
   6600.00  3.17974
   6800.00  3.44693
   7000.00  3.72831
   7200.00  4.02415
   7400.00  4.33485
   7600.00  4.66085
   7800.00  5.00220
   8000.00  5.35944
   8200.00  5.73264
   8400.00  6.12224
   8600.00  6.52892
   8800.00  6.95234
   9000.00  7.39331
   9200.00  7.85172
   9400.00  8.32786
   9600.00  8.82266
   9800.00  9.33602
   10000.0  9.86813
   10200.0  10.4194
   10400.0  10.9903
   10600.0  11.5808
   10800.0  12.1915
   11000.0  12.8225
   11200.0  13.4742
   11400.0  14.1469
   11600.0  14.8409
   11800.0  15.5563
   12000.0  16.2937
   12200.0  17.0531
   12400.0  17.8351
   12600.0  18.6397
   12800.0  19.4673
   13000.0  20.3181
   13200.0  21.1928
   13400.0  22.0912
   13600.0  23.0139
   13800.0  23.9610
   14000.0  24.9329
   14200.0  25.9299
   14400.0  26.9523
   14600.0  28.0002
   14800.0  29.0739
   15000.0  30.1740
   15200.0  31.3008
   15400.0  32.4544
   15600.0  33.6352
   15800.0  34.8433
   16000.0  36.0791
   16200.0  37.3428
   16400.0  38.6348
   16600.0  39.9555
   16800.0  41.3050
   17000.0  42.6839
   17200.0  44.0922
   17400.0  45.5301
   17600.0  46.9979
   17800.0  48.4964
   18000.0  50.0254
   18200.0  51.5852
   18400.0  53.1765
   18600.0  54.7992
   18800.0  56.4540
   19000.0  58.1409
   19200.0  59.8600
   19400.0  61.6121
   19600.0  63.3970
   19800.0  65.2150
   20000.0  67.0672
   20200.0  68.9535
   20400.0  70.8737
   20600.0  72.8294
   20800.0  74.8189
   21000.0  76.8421
   21200.0  11.8607
   21400.0  12.1468
   21600.0  12.4381
   21800.0  12.7340
   22000.0  13.0351
   22200.0  13.3410
   22400.0  13.6518
   22600.0  13.9679
   22800.0  14.2887
   23000.0  14.6150
   23200.0  14.9460
   23400.0  15.2827
   23600.0  15.6241
   23800.0  15.9712
   24000.0  16.3233
   24200.0  16.6810
   24400.0  17.0438
   24600.0  17.4122
   24800.0  17.7858
   25000.0  18.1652
   25200.0  18.5498
   25400.0  18.9403
   25600.0  19.3361
   25800.0  19.7379
   26000.0  20.1450
   26200.0  20.5582
   26400.0  20.9768
   26600.0  21.4015
   26800.0  21.8316
   27000.0  22.2681
   27200.0  22.7100
   27400.0  23.1582
   27600.0  23.6121
   27800.0  24.0722
   28000.0  24.5384
   28200.0  25.0105
   28400.0  25.4890
   28600.0  25.9731
   28800.0  26.4641
   29000.0  26.9609
   29200.0  27.4642
   29400.0  27.9737
   29600.0  28.4894
   29800.0  29.0118
   30000.0  29.5402