   200.000  0.117268
   400.000  5.821598E-02
   600.000  8.121280E-02
   800.000  0.108592
   1000.00  0.152049
   1200.00  0.219899
   1400.00  0.302242
   1600.00  0.400014
   1800.00  0.515408
   2000.00  0.650975
   2200.00  0.808397
   2400.00  0.365577
   2600.00  0.304546
   2800.00  0.365146
   3000.00  0.372838
   3200.00  0.435706
   3400.00  0.504178
   3600.00  0.547820
   3800.00  0.601049
   4000.00  0.678024
   4200.00  0.761623
   4400.00  0.852012
   4600.00  0.949365
   4800.00  1.05394
   5000.00  1.16591
   5200.00  1.28543
   5400.00  1.41270
   5600.00  1.54790
   5800.00  1.69120
   6000.00  1.84276
   6200.00  2.00273
   6400.00  2.17124
   6600.00  2.34854
   6800.00  2.53466
   7000.00  2.72980
   7200.00  2.93415
   7400.00  3.14773
   7600.00  3.37069
   7800.00  3.60312
   8000.00  3.84532
   8200.00  4.09722
   8400.00  4.35901
   8600.00  4.63080
   8800.00  4.91258
   9000.00  5.20461
   9200.00  5.50665
   9400.00  5.81935
   9600.00  6.14242
   9800.00  6.47597
   10000.0  6.82423
   10200.0  7.18946
   10400.0  7.56624
   10600.0  7.95451
   10800.0  8.35441
   11000.0  8.76596
   11200.0  9.18924
   11400.0  9.62429
   11600.0  10.0711
   11800.0  10.5295
   12000.0  10.9999
   12200.0  11.4819
   12400.0  11.9758
   12600.0  12.4814
   12800.0  5.23754
   13000.0  5.46711
   13200.0  5.70309
   13400.0  5.94541
   13600.0  6.19424
   13800.0  6.44958
   14000.0  6.71155
   14200.0  6.98020
   14400.0  7.25562
   14600.0  7.53789
   14800.0  5.58023
   15000.0  5.76449
   15200.0  5.95230
   15400.0  5.38058
   15600.0  5.55559
   15800.0  5.73397
   16000.0  5.91637
   16200.0  6.10270
   16400.0  6.29297
   16600.0  6.48724
   16800.0  6.68565
   17000.0  6.88821
   17200.0  7.09482
   17400.0  7.30552
   17600.0  7.52052
   17800.0  7.73978
   18000.0  7.96324
   18200.0  8.19103
   18400.0  8.42323
   18600.0  8.65973
   18800.0  8.90068
   19000.0  9.14615
   19200.0  9.39601
   19400.0  9.65044
   19600.0  9.90943
   19800.0  10.1729
   20000.0  10.4411
   20200.0  10.7140
   20400.0  10.9915
   20600.0  11.2739
   20800.0  11.5609
   21000.0  11.8528
   21200.0  12.1495
   21400.0  12.4510
   21600.0  12.7575
   21800.0  13.0688
   22000.0  13.3852
   22200.0  13.7066
   22400.0  14.0330
   22600.0  14.3645
   22800.0  14.7010
   23000.0  15.0428
   23200.0  15.3896
   23400.0  15.7418
   23600.0  16.0990
   23800.0  16.4617
   24000.0  16.8295
   24200.0  17.2028
   24400.0  17.5814
   24600.0  17.9654
   24800.0  18.3548
   25000.0  18.7497
   25200.0  19.1500
   25400.0  19.5560
   25600.0  19.9674
   25800.0  20.3846
   26000.0  20.8072
   26200.0  21.2357
   26400.0  21.6696
   26600.0  22.1095
   26800.0  22.5548
   27000.0  23.0062
   27200.0  23.4632
   27400.0  23.9262
   27600.0  24.3949
   27800.0  24.8696
   28000.0  25.3503
   28200.0  25.8368
   28400.0  26.3295
   28600.0  26.8279
   28800.0  27.3327
   29000.0  27.8434
   29200.0  28.3603
   29400.0  28.8832
   29600.0  29.4124
   29800.0  29.9478
   30000.0  30.4893