2.0035635E+00  6.0386E+04
2.0135813E+00  5.9652E+04
2.0236492E+00  5.8928E+04
2.0337675E+00  5.8210E+04
2.0439363E+00  5.7504E+04
2.0541560E+00  5.6805E+04
2.0644268E+00  5.6115E+04
2.0747489E+00  5.5435E+04
2.0851227E+00  5.4760E+04
2.0955483E+00  5.4096E+04
2.1060260E+00  5.3440E+04
2.1165562E+00  5.2792E+04
2.1271389E+00  5.2151E+04
2.1377746E+00  5.1520E+04
2.1484635E+00  5.0896E+04
2.1592058E+00  5.0278E+04
2.1700018E+00  4.9670E+04
2.1808519E+00  4.9068E+04
2.1917561E+00  4.8475E+04
2.1963695E+00  5.6600E+04
2.2027149E+00  5.6187E+04
2.2137285E+00  5.5479E+04
2.2247971E+00  5.4782E+04
2.2359211E+00  5.4093E+04
2.2471007E+00  5.3412E+04
2.2583362E+00  5.2737E+04
2.2696279E+00  5.2063E+04
2.2809760E+00  5.1395E+04
2.2923809E+00  5.0738E+04
2.3038428E+00  5.0093E+04
2.3153620E+00  4.9487E+04
2.3269388E+00  4.8889E+04
2.3385735E+00  4.8297E+04
2.3502664E+00  4.7711E+04
2.3620177E+00  4.7133E+04
2.3738278E+00  4.6563E+04
2.3856970E+00  4.6002E+04
2.3976254E+00  4.5450E+04
2.4096136E+00  4.4905E+04
2.4216616E+00  4.4369E+04
2.4337699E+00  4.3839E+04
2.4459388E+00  4.3317E+04
2.4581685E+00  4.2802E+04
2.4657375E+00  4.2489E+04
2.4704593E+00  4.5275E+04
2.4716624E+00  4.5220E+04
2.4828116E+00  4.4719E+04
2.4952257E+00  4.4171E+04
2.5077018E+00  4.3631E+04
2.5202403E+00  4.3097E+04
2.5328415E+00  4.2572E+04
2.5455057E+00  4.2053E+04
2.5582333E+00  4.1542E+04
2.5710244E+00  4.1036E+04
2.5838796E+00  4.0538E+04
2.5967990E+00  4.0057E+04
2.6097829E+00  3.9590E+04
2.6228319E+00  3.9132E+04
2.6359460E+00  3.8681E+04
2.6491257E+00  3.8238E+04
2.6623714E+00  3.7800E+04
2.6756832E+00  3.7368E+04
2.6890617E+00  3.6941E+04
2.7025070E+00  3.6522E+04
2.7027735E+00  3.6513E+04
2.7132264E+00  3.7827E+04
2.7160195E+00  3.7739E+04
2.7295996E+00  3.7316E+04
2.7432476E+00  3.6900E+04
2.7569638E+00  3.6488E+04
2.7707486E+00  3.6081E+04
2.7846024E+00  3.5679E+04
2.7985254E+00  3.5283E+04
2.8125180E+00  3.4890E+04
2.8265806E+00  3.4502E+04
2.8407135E+00  3.4118E+04
2.8549171E+00  3.3740E+04
2.8691917E+00  3.3363E+04
2.8835376E+00  3.2992E+04
2.8979553E+00  3.2624E+04
2.9124451E+00  3.2261E+04
2.9270073E+00  3.1901E+04
2.9416424E+00  3.1547E+04
2.9563506E+00  3.1195E+04
2.9711323E+00  3.0847E+04
2.9859880E+00  3.0504E+04
3.0009179E+00  3.0163E+04
3.0159225E+00  2.9800E+04
3.0310021E+00  2.9441E+04
3.0461571E+00  2.9086E+04
3.0613879E+00  2.8735E+04
3.0766949E+00  2.8388E+04
3.0920783E+00  2.8045E+04
3.1075387E+00  2.7707E+04
3.1230764E+00  2.7373E+04
3.1386918E+00  2.7043E+04
3.1543853E+00  2.6717E+04
3.1701572E+00  2.6394E+04
3.1860080E+00  2.6076E+04
3.2019380E+00  2.5761E+04
3.2179477E+00  2.5450E+04
3.2340374E+00  2.5141E+04
3.2502076E+00  2.4837E+04
3.2664587E+00  2.4535E+04
3.2827910E+00  2.4239E+04
3.2992049E+00  2.3946E+04
3.3157009E+00  2.3656E+04
3.3322794E+00  2.3370E+04
3.3489408E+00  2.3087E+04
3.3656856E+00  2.2809E+04
3.3825140E+00  2.2532E+04
3.3994265E+00  2.2261E+04
3.4164237E+00  2.1993E+04
3.4335058E+00  2.1728E+04
3.4506733E+00  2.1465E+04
3.4679267E+00  2.1207E+04
3.4852663E+00  2.0944E+04
3.5026927E+00  2.0684E+04
3.5202061E+00  2.0428E+04
3.5378072E+00  2.0173E+04
3.5554962E+00  1.9923E+04
3.5732737E+00  1.9675E+04
3.5911400E+00  1.9431E+04
3.6090957E+00  1.9184E+04
3.6271412E+00  1.8941E+04
3.6452769E+00  1.8701E+04
3.6635033E+00  1.8465E+04
3.6818208E+00  1.8232E+04
3.7002299E+00  1.8002E+04
3.7187311E+00  1.7776E+04
3.7373247E+00  1.7551E+04
3.7560114E+00  1.7331E+04
3.7747914E+00  1.7113E+04
3.7936654E+00  1.6898E+04
3.8126337E+00  1.6687E+04
3.8316969E+00  1.6477E+04
3.8508554E+00  1.6271E+04
3.8701096E+00  1.6068E+04
3.8894602E+00  1.5867E+04
3.9089075E+00  1.5669E+04
3.9284520E+00  1.5474E+04
3.9480943E+00  1.5281E+04
3.9678347E+00  1.5091E+04
3.9876739E+00  1.4903E+04
4.055024E+00  1.4292E+04
4.334821E+00  1.2109E+04
4.633924E+00  1.0231E+04
4.953664E+00  8.6478E+03
5.295467E+00  7.3037E+03
5.660855E+00  6.1747E+03
6.051453E+00  5.2266E+03
6.469004E+00  4.4317E+03
6.915365E+00  3.7637E+03
7.392525E+00  3.2018E+03
7.902609E+00  2.7194E+03
8.447890E+00  2.3087E+03
9.030794E+00  1.9567E+03
9.653919E+00  1.6393E+03
9.683478E+00  1.6259E+03
9.831694E+00  1.5611E+03
9.871219E+00  1.5444E+03
9.930505E+00  4.1097E+03
1.007872E+01  3.9179E+03
1.032004E+01  3.6305E+03
1.091338E+01  3.0872E+03
1.103212E+01  2.9955E+03
1.108042E+01  2.9594E+03
1.112496E+01  2.9269E+03
1.119178E+01  3.9960E+03
1.135882E+01  3.8393E+03
1.144787E+01  3.7597E+03
1.162309E+01  3.6102E+03
1.166982E+01  3.5721E+03
1.173991E+01  4.0666E+03
1.179334E+01  4.0208E+03
1.191513E+01  3.9192E+03
1.260708E+01  3.4064E+03
1.347697E+01  2.8758E+03
1.440688E+01  2.4236E+03
1.540095E+01  2.0383E+03
1.646362E+01  1.7130E+03
1.759961E+01  1.4401E+03
1.881398E+01  1.2115E+03
2.011215E+01  1.0197E+03
2.149988E+01  8.5791E+02
2.298338E+01  7.2218E+02
2.456923E+01  6.0741E+02
2.626450E+01  5.1127E+02
2.807676E+01  4.2751E+02
3.001405E+01  3.5701E+02
3.208502E+01  2.9852E+02
3.429889E+01  2.4995E+02
3.666551E+01  2.0956E+02
3.919543E+01  1.7591E+02
4.189992E+01  1.4788E+02
4.479101E+01  1.2431E+02
4.788159E+01  1.0458E+02
5.118542E+01  8.7945E+01
5.471721E+01  7.3828E+01
5.849270E+01  6.2080E+01
6.252870E+01  5.2276E+01
6.606807E+01  4.5435E+01
6.684318E+01  4.4113E+01
6.707932E+01  4.3723E+01
6.734898E+01  4.3282E+01
6.775348E+01  1.9182E+02
6.876473E+01  1.8496E+02
7.145536E+01  1.6818E+02
7.638578E+01  1.4184E+02
8.165640E+01  1.1951E+02
8.729069E+01  1.0065E+02
9.331374E+01  8.4585E+01
9.975239E+01  7.1129E+01
1.066353E+02  5.9870E+01
1.139931E+02  5.0446E+01
1.218587E+02  4.2552E+01
1.302669E+02  3.5941E+01
1.392553E+02  3.0355E+01
1.488640E+02  2.5634E+01
1.591356E+02  2.1688E+01
1.701159E+02  1.8390E+01
1.818539E+02  1.5631E+01
1.944018E+02  1.3320E+01
2.078156E+02  1.1384E+01
2.221548E+02  9.7614E+00
2.374835E+02  8.3989E+00
2.538699E+02  7.2544E+00
2.713869E+02  6.2914E+00
2.901126E+02  5.4800E+00
3.101304E+02  4.8157E+00
3.315294E+02  4.2526E+00
3.544049E+02  3.7721E+00
3.788588E+02  3.3615E+00
4.050001E+02  3.0093E+00
4.329451E+02  2.7066E+00