2.004793E+00  6.8067E+03
2.016834E+00  9.3926E+03
2.046936E+00  9.0254E+03
2.080733E+00  8.6426E+03
2.171974E+00  7.7265E+03
2.205219E+00  7.4292E+03
2.214084E+00  7.3527E+03
2.224304E+00  8.3564E+03
2.227382E+00  8.3276E+03
2.260626E+00  8.0256E+03
2.377781E+00  7.0842E+03
2.541848E+00  6.0218E+03
2.717235E+00  5.1063E+03
2.904724E+00  4.3283E+03
3.105150E+00  3.6495E+03
3.319406E+00  3.0666E+03
3.548445E+00  2.5790E+03
3.793288E+00  2.1710E+03
4.055024E+00  1.8211E+03
4.334821E+00  1.5222E+03
4.633924E+00  1.2707E+03
4.953664E+00  1.0604E+03
5.295467E+00  8.8527E+02
5.660855E+00  7.3933E+02
6.051453E+00  6.1816E+02
6.469004E+00  5.1739E+02
6.915365E+00  4.3344E+02
7.392525E+00  3.6342E+02
7.902609E+00  3.0508E+02
8.447890E+00  2.5632E+02
9.030794E+00  2.1427E+02
9.653919E+00  1.7756E+02
1.032004E+01  1.4674E+02
1.103212E+01  1.2144E+02
1.179334E+01  1.0065E+02
1.260708E+01  8.3545E+01
1.347697E+01  6.9453E+01
1.440688E+01  5.7827E+01
1.540095E+01  4.8225E+01
1.578251E+01  4.5136E+01
1.602408E+01  4.3322E+01
1.608850E+01  4.2860E+01
1.618512E+01  2.9425E+02
1.642669E+01  2.8166E+02
1.646362E+01  2.7981E+02
1.759961E+01  2.3212E+02
1.881398E+01  1.9508E+02
2.011215E+01  1.6457E+02
2.149988E+01  1.3858E+02
2.298338E+01  1.1615E+02
2.456923E+01  9.7263E+01
2.626450E+01  8.1426E+01
2.807676E+01  6.7951E+01
3.001405E+01  5.6662E+01
3.208502E+01  4.7267E+01
3.429889E+01  3.9209E+01
3.666551E+01  3.2530E+01
3.919543E+01  2.7007E+01
4.189992E+01  2.2434E+01
4.479101E+01  1.8648E+01
4.788159E+01  1.5512E+01
5.118542E+01  1.2910E+01
5.471721E+01  1.0756E+01
5.849270E+01  8.9728E+00
6.252870E+01  7.4965E+00
6.684318E+01  6.2737E+00
7.145536E+01  5.2525E+00
7.638578E+01  4.3959E+00
8.165640E+01  3.6857E+00
8.729069E+01  3.0941E+00
9.331374E+01  2.6065E+00
9.975239E+01  2.2046E+00
1.066353E+02  1.8729E+00
1.139931E+02  1.5989E+00
1.218587E+02  1.3724E+00
1.302669E+02  1.1849E+00
1.392553E+02  1.0294E+00
1.488640E+02  9.0024E-01
1.591356E+02  7.9274E-01
1.701159E+02  7.0303E-01
1.818539E+02  6.2795E-01
1.944018E+02  5.6491E-01
2.078156E+02  5.1182E-01
2.221548E+02  4.6686E-01
2.374835E+02  4.2863E-01
2.538699E+02  3.9589E-01
2.713869E+02  3.6775E-01
2.901126E+02  3.4333E-01
3.101304E+02  3.2203E-01
3.315294E+02  3.0326E-01
3.544049E+02  2.8662E-01
3.788588E+02  2.7174E-01
4.050001E+02  2.5830E-01
4.329451E+02  2.4607E-01