2.0004844E+00  1.3520E+04
2.0104868E+00  1.3380E+04
2.0205393E+00  1.3241E+04
2.0306420E+00  1.3104E+04
2.0407952E+00  1.2969E+04
2.0509992E+00  1.2834E+04
2.0612542E+00  1.2702E+04
2.0715604E+00  1.2570E+04
2.0819182E+00  1.2441E+04
2.0923278E+00  1.2313E+04
2.1027895E+00  1.2187E+04
2.1133034E+00  1.2061E+04
2.1238699E+00  1.1937E+04
2.1344893E+00  1.1814E+04
2.1451617E+00  1.1693E+04
2.1558875E+00  1.1573E+04
2.1666670E+00  1.1455E+04
2.1775003E+00  1.1338E+04
2.1883878E+00  1.1222E+04
2.1993297E+00  1.1107E+04
2.2103264E+00  1.0994E+04
2.2213780E+00  1.0882E+04
2.2324849E+00  1.0769E+04
2.2436473E+00  1.0656E+04
2.2548656E+00  1.0545E+04
2.2661399E+00  1.0435E+04
2.2774706E+00  1.0326E+04
2.2888579E+00  1.0218E+04
2.3003022E+00  1.0112E+04
2.3118037E+00  1.0006E+04
2.3233628E+00  9.8996E+03
2.3349796E+00  9.7947E+03
2.3466545E+00  9.6910E+03
2.3583878E+00  9.5887E+03
2.3701797E+00  9.4875E+03
2.3820306E+00  9.3876E+03
2.3886550E+00  9.3323E+03
2.3899452E+00  2.6788E+04
2.3939407E+00  2.6677E+04
2.4059104E+00  2.6350E+04
2.4179400E+00  2.6026E+04
2.4300297E+00  2.5706E+04
2.4421798E+00  2.5390E+04
2.4543907E+00  2.5077E+04
2.4666627E+00  2.4768E+04
2.4789960E+00  2.4463E+04
2.4843943E+00  2.4332E+04
2.4858058E+00  3.5426E+04
2.4913910E+00  3.5225E+04
2.5038479E+00  3.4784E+04
2.5163672E+00  3.4351E+04
2.5289490E+00  3.3921E+04
2.5415938E+00  3.3498E+04
2.5543017E+00  3.3079E+04
2.5670732E+00  3.2667E+04
2.5799086E+00  3.2259E+04
2.5928082E+00  3.1856E+04
2.6057722E+00  3.1459E+04
2.6188011E+00  3.1067E+04
2.6318951E+00  3.0681E+04
2.6450545E+00  3.0298E+04
2.6582798E+00  2.9921E+04
2.6715712E+00  2.9549E+04
2.6849291E+00  2.9181E+04
2.6983537E+00  2.8818E+04
2.7118455E+00  2.8460E+04
2.7254047E+00  2.8106E+04
2.7390317E+00  2.7757E+04
2.7527269E+00  2.7413E+04
2.7664905E+00  2.7073E+04
2.7803230E+00  2.6736E+04
2.7942246E+00  2.6404E+04
2.8081957E+00  2.6077E+04
2.8222367E+00  2.5754E+04
2.8363479E+00  2.5435E+04
2.8505296E+00  2.5120E+04
2.8647823E+00  2.4809E+04
2.8791062E+00  2.4502E+04
2.8935017E+00  2.4199E+04
2.9079692E+00  2.3899E+04
2.9225091E+00  2.3603E+04
2.9371216E+00  2.3310E+04
2.9518072E+00  2.3022E+04
2.9536434E+00  2.2987E+04
2.9595566E+00  2.6820E+04
2.9665662E+00  2.6653E+04
2.9813991E+00  2.6303E+04
2.9963061E+00  2.5959E+04
3.0112876E+00  2.5611E+04
3.0263440E+00  2.5269E+04
3.0414758E+00  2.4932E+04
3.0566831E+00  2.4602E+04
3.0719666E+00  2.4276E+04
3.0873264E+00  2.3956E+04
3.1027630E+00  2.3641E+04
3.1182768E+00  2.3340E+04
3.1338682E+00  2.3041E+04
3.1495376E+00  2.2747E+04
3.1652853E+00  2.2458E+04
3.1811117E+00  2.2173E+04
3.1970172E+00  2.1892E+04
3.2130023E+00  2.1614E+04
3.2290673E+00  2.1341E+04
3.2452127E+00  2.1069E+04
3.2614387E+00  2.0801E+04
3.2777459E+00  2.0537E+04
3.2941347E+00  2.0277E+04
3.3106053E+00  2.0018E+04
3.3271584E+00  1.9765E+04
3.3437941E+00  1.9515E+04
3.3605131E+00  1.9267E+04
3.3773157E+00  1.9023E+04
3.3942023E+00  1.8782E+04
3.4107130E+00  1.8550E+04
3.4111733E+00  1.8544E+04
3.4206869E+00  1.9702E+04
3.4282291E+00  1.9588E+04
3.4453703E+00  1.9334E+04
3.4625971E+00  1.9083E+04
3.4799101E+00  1.8836E+04
3.4973097E+00  1.8591E+04
3.5147962E+00  1.8350E+04
3.5323702E+00  1.8112E+04
3.5500321E+00  1.7877E+04
3.5677822E+00  1.7645E+04
3.5856211E+00  1.7417E+04
3.6035492E+00  1.7198E+04
3.6215670E+00  1.6982E+04
3.6396748E+00  1.6770E+04
3.6578732E+00  1.6560E+04
3.6761626E+00  1.6354E+04
3.6945434E+00  1.6152E+04
3.6962102E+00  1.6133E+04
3.7119896E+00  1.6667E+04
3.7130161E+00  1.6656E+04
3.7315812E+00  1.6454E+04
3.7502391E+00  1.6253E+04
3.7689903E+00  1.6057E+04
3.7878352E+00  1.5864E+04
3.8067744E+00  1.5672E+04
3.8258083E+00  1.5483E+04
3.8449373E+00  1.5297E+04
3.8641620E+00  1.5111E+04
3.8834828E+00  1.4927E+04
3.9029002E+00  1.4746E+04
3.9224147E+00  1.4567E+04
3.9420268E+00  1.4392E+04
3.9617369E+00  1.4218E+04
3.9815456E+00  1.4047E+04
4.0014533E+00  1.3878E+04
4.0214606E+00  1.3710E+04
4.0415679E+00  1.3547E+04
4.0617757E+00  1.3385E+04
4.0820846E+00  1.3225E+04
4.1024950E+00  1.3066E+04
4.1230075E+00  1.2911E+04
4.1436226E+00  1.2757E+04
4.1643407E+00  1.2605E+04
4.1851624E+00  1.2454E+04
4.2060882E+00  1.2307E+04
4.2271186E+00  1.2162E+04
4.2482542E+00  1.2017E+04
4.2694955E+00  1.1875E+04
4.2908430E+00  1.1735E+04
4.3122972E+00  1.1596E+04
4.3338587E+00  1.1459E+04
4.3555280E+00  1.1324E+04
4.3773056E+00  1.1191E+04
4.3991921E+00  1.1059E+04
4.4211881E+00  1.0929E+04
4.4432940E+00  1.0801E+04
4.4655105E+00  1.0672E+04
4.4878381E+00  1.0545E+04
4.5102772E+00  1.0419E+04
4.5328286E+00  1.0295E+04
4.5554928E+00  1.0173E+04
4.5782702E+00  1.0052E+04
4.6011616E+00  9.9322E+03
4.6241674E+00  9.8142E+03
4.6472882E+00  9.6977E+03
4.6705247E+00  9.5825E+03
4.6938773E+00  9.4687E+03
4.7173467E+00  9.3564E+03
4.7409334E+00  9.2455E+03
4.7646381E+00  9.1359E+03
4.7884613E+00  9.0261E+03
4.8124036E+00  8.9156E+03
4.8364656E+00  8.8061E+03
4.8606479E+00  8.6980E+03
4.8849512E+00  8.5912E+03
4.9093759E+00  8.4859E+03
4.9339228E+00  8.3820E+03
4.9585924E+00  8.2794E+03
4.9833854E+00  8.1769E+03
5.0083023E+00  8.0746E+03
5.0333438E+00  7.9739E+03
5.0585105E+00  7.8743E+03
5.0838031E+00  7.7761E+03
5.1092221E+00  7.6792E+03
5.1347682E+00  7.5835E+03
5.1604421E+00  7.4892E+03
5.1862443E+00  7.3961E+03
5.2121755E+00  7.3042E+03
5.2382364E+00  7.2135E+03
5.2644276E+00  7.1240E+03
5.2907497E+00  7.0356E+03
5.3172034E+00  6.9485E+03
5.3437895E+00  6.8625E+03
5.3705084E+00  6.7775E+03
5.3973609E+00  6.6937E+03
5.4243477E+00  6.6110E+03
5.4514695E+00  6.5295E+03
5.4787268E+00  6.4489E+03
5.5061205E+00  6.3694E+03
5.5336511E+00  6.2910E+03
5.5613193E+00  6.2135E+03
5.5891259E+00  6.1372E+03
5.6170716E+00  6.0617E+03
5.6451569E+00  5.9873E+03
5.6733827E+00  5.9140E+03
5.7017496E+00  5.8415E+03
5.7302584E+00  5.7699E+03
5.7589096E+00  5.6994E+03
5.7877042E+00  5.6297E+03
5.8166427E+00  5.5608E+03
5.8457259E+00  5.4931E+03
5.8749546E+00  5.4261E+03
5.9043293E+00  5.3600E+03
5.9338510E+00  5.2938E+03
5.9635202E+00  5.2280E+03
5.9933378E+00  5.1630E+03
6.0233045E+00  5.0989E+03
6.0534210E+00  5.0357E+03
6.0836882E+00  4.9732E+03
6.1141066E+00  4.9117E+03
6.1446771E+00  4.8509E+03
6.1754005E+00  4.7910E+03
6.2062775E+00  4.7317E+03
6.2373089E+00  4.6734E+03
6.2684954E+00  4.6157E+03
6.2998379E+00  4.5588E+03
6.3313371E+00  4.5028E+03
6.3629938E+00  4.4473E+03
6.3948088E+00  4.3927E+03
6.4267828E+00  4.3388E+03
6.4589167E+00  4.2856E+03
6.4912113E+00  4.2331E+03
6.5236674E+00  4.1813E+03
6.5562857E+00  4.1301E+03
6.5890671E+00  4.0796E+03
6.6220125E+00  4.0298E+03
6.6551225E+00  3.9807E+03
6.6883981E+00  3.9322E+03
6.7218401E+00  3.8843E+03
6.7554493E+00  3.8370E+03
6.7892266E+00  3.7905E+03
6.8231727E+00  3.7444E+03
6.8572886E+00  3.6987E+03
6.8915750E+00  3.6535E+03
6.9260329E+00  3.6088E+03
6.9606631E+00  3.5648E+03
6.9954664E+00  3.5213E+03
7.0304437E+00  3.4783E+03
7.0655959E+00  3.4360E+03
7.1009239E+00  3.3942E+03
7.1364285E+00  3.3530E+03
7.1721107E+00  3.3122E+03
7.2079712E+00  3.2720E+03
7.2440111E+00  3.2323E+03
7.2802311E+00  3.1929E+03
7.3166323E+00  3.1540E+03
7.3532155E+00  3.1156E+03
7.3899815E+00  3.0777E+03
7.4269314E+00  3.0402E+03
7.4640661E+00  3.0031E+03
7.5013864E+00  2.9665E+03
7.5388934E+00  2.9304E+03
7.5765878E+00  2.8948E+03
7.6144708E+00  2.8596E+03
7.6525431E+00  2.8248E+03
7.6908058E+00  2.7903E+03
7.7292599E+00  2.7564E+03
7.7679062E+00  2.7229E+03
7.8067457E+00  2.6897E+03
7.8457794E+00  2.6571E+03
7.8850083E+00  2.6249E+03
7.9244334E+00  2.5930E+03
7.9640555E+00  2.5616E+03
8.0038758E+00  2.5306E+03
8.0438952E+00  2.5000E+03
8.0841147E+00  2.4698E+03
8.1245352E+00  2.4399E+03
8.1651579E+00  2.4105E+03
8.2059837E+00  2.3815E+03
8.2470136E+00  2.3528E+03
8.2882487E+00  2.3245E+03
8.3296899E+00  2.2965E+03
8.3713384E+00  2.2689E+03
8.4131951E+00  2.2417E+03
8.4552610E+00  2.2148E+03
8.4975373E+00  2.1882E+03
8.5400250E+00  2.1620E+03
9.030794E+00  1.8847E+03
9.653919E+00  1.5845E+03
1.032004E+01  1.3347E+03
1.103212E+01  1.1228E+03
1.179334E+01  9.4529E+02
1.240435E+01  8.3086E+02
1.259421E+01  7.9947E+02
1.260708E+01  7.9741E+02
1.264484E+01  7.9139E+02
1.272079E+01  1.9640E+03
1.291065E+01  1.8876E+03
1.347697E+01  1.6819E+03
1.440688E+01  1.4048E+03
1.462441E+01  1.3492E+03
1.468320E+01  1.3348E+03
1.477139E+01  1.8292E+03
1.499186E+01  1.7584E+03
1.503977E+01  1.7435E+03
1.526997E+01  1.6745E+03
1.533135E+01  1.6567E+03
1.540095E+01  1.8900E+03
1.542343E+01  1.8831E+03
1.565363E+01  1.8144E+03
1.646362E+01  1.5979E+03
1.759961E+01  1.3472E+03
1.881398E+01  1.1360E+03
2.011215E+01  9.5753E+02
2.149988E+01  8.0696E+02
2.298338E+01  6.8055E+02
2.456923E+01  5.7438E+02
2.626450E+01  4.8483E+02
2.807676E+01  4.0663E+02
3.001405E+01  3.4055E+02
3.208502E+01  2.8473E+02
3.429889E+01  2.3813E+02
3.666551E+01  1.9938E+02
3.919543E+01  1.6716E+02
4.189992E+01  1.4032E+02
4.479101E+01  1.1794E+02
4.788159E+01  9.9259E+01
5.118542E+01  8.3654E+01
5.471721E+01  7.0598E+01
5.849270E+01  5.9543E+01
6.252870E+01  5.0304E+01
6.684318E+01  4.2506E+01
7.145536E+01  3.5868E+01
7.638578E+01  3.0319E+01
8.165640E+01  2.5621E+01
8.381980E+01  2.3955E+01
8.510275E+01  2.3041E+01
8.544487E+01  2.2807E+01
8.595806E+01  9.2641E+01
8.729069E+01  8.9151E+01
9.331374E+01  7.5424E+01
9.975239E+01  6.3754E+01
1.066353E+02  5.3842E+01
1.139931E+02  4.5481E+01
1.218587E+02  3.8434E+01
1.302669E+02  3.2451E+01
1.392553E+02  2.7424E+01
1.488640E+02  2.3202E+01
1.591356E+02  1.9658E+01
1.701159E+02  1.6681E+01
1.818539E+02  1.4177E+01
1.944018E+02  1.2067E+01
2.078156E+02  1.0294E+01
2.221548E+02  8.8037E+00
2.374835E+02  7.5498E+00
2.538699E+02  6.4938E+00
2.713869E+02  5.6037E+00
2.901126E+02  4.8528E+00
3.101304E+02  4.2185E+00
3.315294E+02  3.6818E+00
3.544049E+02  3.2271E+00
3.788588E+02  2.8410E+00
4.050001E+02  2.5128E+00
4.329451E+02  2.2328E+00