2.080733E+00  1.0147E+04
2.224304E+00  8.6364E+03
2.377781E+00  7.3404E+03
2.541848E+00  6.2497E+03
2.717235E+00  5.3300E+03
2.904724E+00  4.5533E+03
3.105150E+00  3.8513E+03
3.319406E+00  3.2157E+03
3.548445E+00  2.6852E+03
3.793288E+00  2.2463E+03
4.049556E+00  1.8870E+03
4.055024E+00  1.8801E+03
4.111539E+00  1.8125E+03
4.128068E+00  1.7934E+03
4.152861E+00  6.0379E+03
4.214844E+00  5.7516E+03
4.292792E+00  5.4166E+03
4.334821E+00  5.2468E+03
4.358498E+00  5.1632E+03
4.376020E+00  5.1031E+03
4.402302E+00  7.0129E+03
4.468008E+00  6.7067E+03
4.604334E+00  6.1379E+03
4.633924E+00  6.0292E+03
4.674808E+00  5.8848E+03
4.693602E+00  5.8204E+03
4.721791E+00  6.6244E+03
4.792266E+00  6.3777E+03
4.953664E+00  5.8688E+03
5.295467E+00  4.9867E+03
5.660855E+00  4.2267E+03
6.051453E+00  3.5654E+03
6.469004E+00  3.0003E+03
6.915365E+00  2.5230E+03
7.392525E+00  2.1220E+03
7.902609E+00  1.7860E+03
8.447890E+00  1.5040E+03
9.030794E+00  1.2629E+03
9.653919E+00  1.0513E+03
1.032004E+01  8.7453E+02
1.103212E+01  7.2829E+02
1.179334E+01  6.0711E+02
1.260708E+01  5.0674E+02
1.347697E+01  4.2346E+02
1.440688E+01  3.5429E+02
1.540095E+01  2.9654E+02
1.646362E+01  2.4844E+02
1.759961E+01  2.0842E+02
1.881398E+01  1.7457E+02
2.011215E+01  1.4610E+02
2.149988E+01  1.2198E+02
2.298338E+01  1.0190E+02
2.456923E+01  8.5261E+01
2.626450E+01  7.1452E+01
2.807676E+01  5.9411E+01
2.988138E+01  4.9950E+01
3.001405E+01  4.9341E+01
3.033874E+01  4.7893E+01
3.046071E+01  4.7364E+01
3.064366E+01  2.7003E+02
3.110102E+01  2.5957E+02
3.208502E+01  2.3893E+02
3.429889E+01  2.0046E+02
3.666551E+01  1.6834E+02
3.919543E+01  1.4143E+02
4.189992E+01  1.1846E+02
4.479101E+01  9.9130E+01
4.788159E+01  8.2955E+01
5.118542E+01  6.9407E+01
5.471721E+01  5.8093E+01
5.849270E+01  4.8642E+01
6.252870E+01  4.0693E+01
6.684318E+01  3.3983E+01
7.145536E+01  2.8407E+01
7.638578E+01  2.3771E+01
8.165640E+01  1.9885E+01
8.729069E+01  1.6603E+01
9.331374E+01  1.3885E+01
9.975239E+01  1.1634E+01
1.066353E+02  9.7700E+00
1.139931E+02  8.2240E+00
1.218587E+02  6.9420E+00
1.302669E+02  5.8781E+00
1.392553E+02  4.9940E+00
1.488640E+02  4.2592E+00
1.591356E+02  3.6481E+00
1.701159E+02  3.1393E+00
1.818539E+02  2.7152E+00
1.944018E+02  2.3611E+00
2.078156E+02  2.0651E+00
2.221548E+02  1.8170E+00
2.374835E+02  1.6087E+00
2.538699E+02  1.4334E+00
2.713869E+02  1.2854E+00
2.901126E+02  1.1599E+00
3.101304E+02  1.0532E+00
3.315294E+02  9.6209E-01
3.544049E+02  8.8383E-01
3.788588E+02  8.1632E-01
4.050001E+02  7.5770E-01
4.329451E+02  7.0650E-01