2.080733E+00  2.9585E+02
2.224304E+00  2.4274E+02
2.377781E+00  1.9921E+02
2.541848E+00  1.6351E+02
2.717235E+00  1.3424E+02
2.904724E+00  1.1023E+02
3.105150E+00  9.0169E+01
3.319406E+00  7.3499E+01
3.548445E+00  5.9908E+01
3.793288E+00  4.8620E+01
4.055024E+00  3.9482E+01
4.334821E+00  3.2085E+01
4.633924E+00  2.6096E+01
4.953664E+00  2.1244E+01
5.295467E+00  1.7316E+01
5.660855E+00  1.4134E+01
6.051453E+00  1.1556E+01
6.469004E+00  9.4643E+00
6.915365E+00  7.7685E+00
7.392525E+00  6.3940E+00
7.902609E+00  5.2787E+00
8.447890E+00  4.3739E+00
9.030794E+00  3.6349E+00
9.653919E+00  3.0229E+00
1.032004E+01  2.5291E+00
1.103212E+01  2.1298E+00
1.179334E+01  1.8070E+00
1.260708E+01  1.5458E+00
1.347697E+01  1.3341E+00
1.440688E+01  1.1625E+00
1.540095E+01  1.0230E+00
1.646362E+01  9.0949E-01
1.759961E+01  8.1698E-01
1.881398E+01  7.4136E-01
2.011215E+01  6.7940E-01
2.149988E+01  6.2845E-01
2.298338E+01  5.8643E-01
2.456923E+01  5.5156E-01
2.626450E+01  5.2251E-01
2.807676E+01  4.9795E-01
3.001405E+01  4.7720E-01
3.208502E+01  4.5954E-01
3.429889E+01  4.4438E-01
3.666551E+01  4.3120E-01
3.919543E+01  4.1961E-01
4.189992E+01  4.0931E-01
4.479101E+01  3.9997E-01
4.788159E+01  3.9146E-01
5.118542E+01  3.8357E-01
5.471721E+01  3.7616E-01
5.849270E+01  3.6915E-01
6.252870E+01  3.6241E-01
6.684318E+01  3.5590E-01
7.145536E+01  3.4955E-01
7.638578E+01  3.4334E-01
8.165640E+01  3.3720E-01
8.729069E+01  3.3115E-01
9.331374E+01  3.2513E-01
9.975239E+01  3.1912E-01
1.066353E+02  3.1314E-01
1.139931E+02  3.0719E-01
1.218587E+02  3.0123E-01
1.302669E+02  2.9527E-01
1.392553E+02  2.8934E-01
1.488640E+02  2.8341E-01
1.591356E+02  2.7747E-01
1.701159E+02  2.7158E-01
1.818539E+02  2.6572E-01
1.944018E+02  2.5988E-01
2.078156E+02  2.5406E-01
2.221548E+02  2.4831E-01
2.374835E+02  2.4258E-01
2.538699E+02  2.3690E-01
2.713869E+02  2.3131E-01
2.901126E+02  2.2575E-01
3.101304E+02  2.2027E-01
3.315294E+02  2.1486E-01
3.544049E+02  2.0952E-01
3.788588E+02  2.0427E-01
4.050001E+02  1.9911E-01
4.329451E+02  1.9403E-01