2.0004844E+00  1.3377E+04
2.0104868E+00  1.3237E+04
2.0205393E+00  1.3098E+04
2.0306420E+00  1.2961E+04
2.0407952E+00  1.2826E+04
2.0509992E+00  1.2692E+04
2.0612542E+00  1.2560E+04
2.0715604E+00  1.2429E+04
2.0819182E+00  1.2299E+04
2.0923278E+00  1.2171E+04
2.1027895E+00  1.2045E+04
2.1133034E+00  1.1919E+04
2.1238699E+00  1.1796E+04
2.1344893E+00  1.1674E+04
2.1451617E+00  1.1553E+04
2.1558875E+00  1.1433E+04
2.1666670E+00  1.1316E+04
2.1775003E+00  1.1199E+04
2.1883878E+00  1.1083E+04
2.1993297E+00  1.0969E+04
2.2103264E+00  1.0856E+04
2.2213780E+00  1.0744E+04
2.2324849E+00  1.0634E+04
2.2436473E+00  1.0524E+04
2.2548656E+00  1.0416E+04
2.2661399E+00  1.0310E+04
2.2774706E+00  1.0204E+04
2.2888579E+00  1.0100E+04
2.3003022E+00  9.9964E+03
2.3118037E+00  9.8943E+03
2.3233628E+00  9.7934E+03
2.3349796E+00  9.6935E+03
2.3466545E+00  9.5948E+03
2.3583878E+00  9.4972E+03
2.3701797E+00  9.4006E+03
2.3820306E+00  9.3051E+03
2.3939407E+00  9.2106E+03
2.4059104E+00  9.1173E+03
2.4179400E+00  9.0249E+03
2.4300297E+00  8.9336E+03
2.4421798E+00  8.8433E+03
2.4543907E+00  8.7539E+03
2.4666627E+00  8.6655E+03
2.4789960E+00  8.5782E+03
2.4833243E+00  8.5478E+03
2.4846756E+00  2.4227E+04
2.4913910E+00  2.4067E+04
2.5038479E+00  2.3774E+04
2.5163672E+00  2.3484E+04
2.5289490E+00  2.3198E+04
2.5415938E+00  2.2915E+04
2.5543017E+00  2.2636E+04
2.5670732E+00  2.2362E+04
2.5799086E+00  2.2089E+04
2.5848604E+00  2.1985E+04
2.5863394E+00  3.1956E+04
2.5928082E+00  3.1756E+04
2.6057722E+00  3.1358E+04
2.6188011E+00  3.0964E+04
2.6318951E+00  3.0576E+04
2.6450545E+00  3.0191E+04
2.6582798E+00  2.9813E+04
2.6715712E+00  2.9440E+04
2.6849291E+00  2.9070E+04
2.6983537E+00  2.8705E+04
2.7118455E+00  2.8345E+04
2.7254047E+00  2.7989E+04
2.7390317E+00  2.7636E+04
2.7527269E+00  2.7290E+04
2.7664905E+00  2.6947E+04
2.7803230E+00  2.6609E+04
2.7942246E+00  2.6276E+04
2.8081957E+00  2.5947E+04
2.8222367E+00  2.5622E+04
2.8363479E+00  2.5301E+04
2.8505296E+00  2.4983E+04
2.8647823E+00  2.4671E+04
2.8791062E+00  2.4363E+04
2.8935017E+00  2.4058E+04
2.9079692E+00  2.3757E+04
2.9225091E+00  2.3460E+04
2.9371216E+00  2.3167E+04
2.9518072E+00  2.2878E+04
2.9665662E+00  2.2592E+04
2.9813991E+00  2.2311E+04
2.9963061E+00  2.2033E+04
3.0112876E+00  2.1746E+04
3.0263440E+00  2.1458E+04
3.0414758E+00  2.1175E+04
3.0566831E+00  2.0895E+04
3.0632417E+00  2.0775E+04
3.0695584E+00  2.4267E+04
3.0719666E+00  2.4215E+04
3.0873264E+00  2.3886E+04
3.1027630E+00  2.3563E+04
3.1182768E+00  2.3243E+04
3.1338682E+00  2.2928E+04
3.1495376E+00  2.2616E+04
3.1652853E+00  2.2310E+04
3.1811117E+00  2.2007E+04
3.1970172E+00  2.1708E+04
3.2130023E+00  2.1414E+04
3.2290673E+00  2.1133E+04
3.2452127E+00  2.0856E+04
3.2614387E+00  2.0583E+04
3.2777459E+00  2.0315E+04
3.2941347E+00  2.0051E+04
3.3106053E+00  1.9791E+04
3.3271584E+00  1.9535E+04
3.3437941E+00  1.9283E+04
3.3605131E+00  1.9036E+04
3.3773157E+00  1.8790E+04
3.3942023E+00  1.8547E+04
3.4111733E+00  1.8307E+04
3.4282291E+00  1.8072E+04
3.4453703E+00  1.7839E+04
3.4625971E+00  1.7611E+04
3.4799101E+00  1.7386E+04
3.4973097E+00  1.7165E+04
3.5147962E+00  1.6945E+04
3.5323702E+00  1.6730E+04
3.5490108E+00  1.6530E+04
3.5500321E+00  1.6517E+04
3.5593891E+00  1.7558E+04
3.5677822E+00  1.7451E+04
3.5856211E+00  1.7225E+04
3.6035492E+00  1.7001E+04
3.6215670E+00  1.6782E+04
3.6396748E+00  1.6566E+04
3.6578732E+00  1.6352E+04
3.6761626E+00  1.6142E+04
3.6945434E+00  1.5934E+04
3.7130161E+00  1.5730E+04
3.7315812E+00  1.5528E+04
3.7502391E+00  1.5336E+04
3.7689903E+00  1.5147E+04
3.7878352E+00  1.4959E+04
3.8067744E+00  1.4775E+04
3.8258083E+00  1.4594E+04
3.8424209E+00  1.4438E+04
3.8449373E+00  1.4414E+04
3.8589789E+00  1.4915E+04
3.8641620E+00  1.4867E+04
3.8834828E+00  1.4690E+04
3.9029002E+00  1.4515E+04
3.9224147E+00  1.4343E+04
3.9420268E+00  1.4172E+04
3.9617369E+00  1.4005E+04
3.9815456E+00  1.3840E+04
4.0014533E+00  1.3674E+04
4.0214606E+00  1.3510E+04
4.0415679E+00  1.3349E+04
4.0617757E+00  1.3188E+04
4.0820846E+00  1.3030E+04
4.1024950E+00  1.2875E+04
4.1230075E+00  1.2722E+04
4.1436226E+00  1.2569E+04
4.1643407E+00  1.2420E+04
4.1851624E+00  1.2272E+04
4.2060882E+00  1.2126E+04
4.2271186E+00  1.1981E+04
4.2482542E+00  1.1839E+04
4.2694955E+00  1.1699E+04
4.2908430E+00  1.1561E+04
4.3122972E+00  1.1423E+04
4.3338587E+00  1.1288E+04
4.3555280E+00  1.1155E+04
4.3773056E+00  1.1023E+04
4.3991921E+00  1.0893E+04
4.4211881E+00  1.0765E+04
4.4432940E+00  1.0638E+04
4.4655105E+00  1.0513E+04
4.4878381E+00  1.0389E+04
4.5102772E+00  1.0267E+04
4.5328286E+00  1.0146E+04
4.5554928E+00  1.0027E+04
4.5782702E+00  9.9089E+03
4.6011616E+00  9.7925E+03
4.6241674E+00  9.6772E+03
4.6472882E+00  9.5618E+03
4.6705247E+00  9.4479E+03
4.6938773E+00  9.3353E+03
4.7173467E+00  9.2241E+03
4.7409334E+00  9.1142E+03
4.7646381E+00  9.0056E+03
4.7884613E+00  8.8983E+03
4.8124036E+00  8.7924E+03
4.8364656E+00  8.6877E+03
4.8606479E+00  8.5842E+03
4.8849512E+00  8.4820E+03
4.9093759E+00  8.3810E+03
4.9339228E+00  8.2813E+03
4.9585924E+00  8.1828E+03
4.9833854E+00  8.0835E+03
5.0083023E+00  7.9841E+03
5.0333438E+00  7.8858E+03
5.0585105E+00  7.7888E+03
5.0838031E+00  7.6929E+03
5.1092221E+00  7.5983E+03
5.1347682E+00  7.5050E+03
5.1604421E+00  7.4128E+03
5.1862443E+00  7.3206E+03
5.2121755E+00  7.2289E+03
5.2382364E+00  7.1384E+03
5.2644276E+00  7.0492E+03
5.2907497E+00  6.9610E+03
5.3172034E+00  6.8740E+03
5.3437895E+00  6.7881E+03
5.3705084E+00  6.7034E+03
5.3973609E+00  6.6198E+03
5.4243477E+00  6.5373E+03
5.4514695E+00  6.4558E+03
5.4787268E+00  6.3753E+03
5.5061205E+00  6.2960E+03
5.5336511E+00  6.2177E+03
5.5613193E+00  6.1404E+03
5.5891259E+00  6.0643E+03
5.6170716E+00  5.9890E+03
5.6451569E+00  5.9146E+03
5.6733827E+00  5.8414E+03
5.7017496E+00  5.7691E+03
5.7302584E+00  5.6977E+03
5.7589096E+00  5.6273E+03
5.7877042E+00  5.5577E+03
5.8166427E+00  5.4891E+03
5.8457259E+00  5.4214E+03
5.8749546E+00  5.3546E+03
5.9043293E+00  5.2886E+03
5.9338510E+00  5.2237E+03
5.9635202E+00  5.1594E+03
5.9933378E+00  5.0961E+03
6.0233045E+00  5.0335E+03
6.0534210E+00  4.9718E+03
6.0836882E+00  4.9110E+03
6.1141066E+00  4.8509E+03
6.1446771E+00  4.7912E+03
6.1754005E+00  4.7318E+03
6.2062775E+00  4.6732E+03
6.2373089E+00  4.6154E+03
6.2684954E+00  4.5583E+03
6.2998379E+00  4.5019E+03
6.3313371E+00  4.4464E+03
6.3629938E+00  4.3915E+03
6.3948088E+00  4.3374E+03
6.4267828E+00  4.2841E+03
6.4589167E+00  4.2313E+03
6.4912113E+00  4.1793E+03
6.5236674E+00  4.1280E+03
6.5562857E+00  4.0773E+03
6.5890671E+00  4.0273E+03
6.6220125E+00  3.9781E+03
6.6551225E+00  3.9293E+03
6.6883981E+00  3.8813E+03
6.7218401E+00  3.8339E+03
6.7554493E+00  3.7871E+03
6.7892266E+00  3.7409E+03
6.8231727E+00  3.6953E+03
6.8572886E+00  3.6504E+03
6.8915750E+00  3.6059E+03
6.9260329E+00  3.5622E+03
6.9606631E+00  3.5189E+03
6.9954664E+00  3.4763E+03
7.0304437E+00  3.4342E+03
7.0655959E+00  3.3926E+03
7.1009239E+00  3.3516E+03
7.1364285E+00  3.3109E+03
7.1721107E+00  3.2706E+03
7.2079712E+00  3.2308E+03
7.2440111E+00  3.1916E+03
7.2802311E+00  3.1528E+03
7.3166323E+00  3.1145E+03
7.3532155E+00  3.0768E+03
7.3899815E+00  3.0395E+03
7.4269314E+00  3.0027E+03
7.4640661E+00  2.9665E+03
7.5013864E+00  2.9305E+03
7.5388934E+00  2.8952E+03
7.5765878E+00  2.8603E+03
7.6144708E+00  2.8258E+03
7.6525431E+00  2.7918E+03
7.6908058E+00  2.7582E+03
7.7292599E+00  2.7250E+03
7.7679062E+00  2.6920E+03
7.8067457E+00  2.6593E+03
7.8457794E+00  2.6271E+03
7.8850083E+00  2.5954E+03
7.9244334E+00  2.5640E+03
7.9640555E+00  2.5330E+03
8.0038758E+00  2.5024E+03
8.0438952E+00  2.4722E+03
8.0841147E+00  2.4424E+03
8.1245352E+00  2.4130E+03
8.1651579E+00  2.3840E+03
8.2059837E+00  2.3553E+03
8.2470136E+00  2.3268E+03
8.2882487E+00  2.2988E+03
8.3296899E+00  2.2711E+03
8.3713384E+00  2.2437E+03
8.4131951E+00  2.2167E+03
8.4552610E+00  2.1902E+03
8.4975373E+00  2.1638E+03
8.5400250E+00  2.1378E+03
9.030794E+00  1.8630E+03
9.653919E+00  1.5656E+03
1.032004E+01  1.3183E+03
1.103212E+01  1.1110E+03
1.179334E+01  9.3540E+02
1.260708E+01  7.8879E+02
1.277450E+01  7.6281E+02
1.297002E+01  7.3405E+02
1.302216E+01  7.2666E+02
1.310038E+01  1.7911E+03
1.329590E+01  1.7222E+03
1.347697E+01  1.6613E+03
1.440688E+01  1.3891E+03
1.489600E+01  1.2697E+03
1.512400E+01  1.2188E+03
1.518480E+01  1.2057E+03
1.527600E+01  1.6539E+03
1.540095E+01  1.6184E+03
1.550400E+01  1.5898E+03
1.554358E+01  1.5791E+03
1.578150E+01  1.5162E+03
1.584494E+01  1.5000E+03
1.594010E+01  1.7046E+03
1.617802E+01  1.6422E+03
1.646362E+01  1.5716E+03
1.759961E+01  1.3265E+03
1.881398E+01  1.1188E+03
2.011215E+01  9.4370E+02
2.149988E+01  7.9557E+02
2.298338E+01  6.7097E+02
2.456923E+01  5.6631E+02
2.626450E+01  4.7831E+02
2.807676E+01  4.0114E+02
3.001405E+01  3.3612E+02
3.208502E+01  2.8145E+02
3.429889E+01  2.3535E+02
3.666551E+01  1.9702E+02
3.919543E+01  1.6515E+02
4.189992E+01  1.3859E+02
4.479101E+01  1.1646E+02
4.788159E+01  9.7988E+01
5.118542E+01  8.2557E+01
5.471721E+01  6.9651E+01
5.849270E+01  5.8777E+01
6.252870E+01  4.9633E+01
6.684318E+01  4.1968E+01
7.145536E+01  3.5446E+01
7.638578E+01  2.9957E+01
8.165640E+01  2.5309E+01
8.624441E+01  2.1991E+01
8.729069E+01  2.1325E+01
8.756448E+01  2.1155E+01
8.791650E+01  2.0941E+01
8.844452E+01  8.4394E+01
8.976459E+01  8.1328E+01
9.331374E+01  7.3804E+01
9.975239E+01  6.2418E+01
1.066353E+02  5.2733E+01
1.139931E+02  4.4554E+01
1.218587E+02  3.7662E+01
1.302669E+02  3.1822E+01
1.392553E+02  2.6897E+01
1.488640E+02  2.2758E+01
1.591356E+02  1.9281E+01
1.701159E+02  1.6360E+01
1.818539E+02  1.3907E+01
1.944018E+02  1.1838E+01
2.078156E+02  1.0098E+01
2.221548E+02  8.6350E+00
2.374835E+02  7.4036E+00
2.538699E+02  6.3663E+00
2.713869E+02  5.4918E+00
2.901126E+02  4.7537E+00
3.101304E+02  4.1299E+00
3.315294E+02  3.6021E+00
3.544049E+02  3.1550E+00
3.788588E+02  2.7753E+00
4.050001E+02  2.4523E+00
4.329451E+02  2.1769E+00