2.0004844E+00  8.1898E+04
2.0104868E+00  8.0912E+04
2.0205393E+00  7.9939E+04
2.0306420E+00  7.8978E+04
2.0407952E+00  7.8027E+04
2.0509992E+00  7.7089E+04
2.0612542E+00  7.6161E+04
2.0715604E+00  7.5246E+04
2.0819182E+00  7.4339E+04
2.0923278E+00  7.3443E+04
2.1027895E+00  7.2559E+04
2.1133034E+00  7.1685E+04
2.1238699E+00  7.0824E+04
2.1344893E+00  6.9971E+04
2.1451617E+00  6.9129E+04
2.1558875E+00  6.8297E+04
2.1666670E+00  6.7477E+04
2.1775003E+00  6.6666E+04
2.1883878E+00  6.5865E+04
2.1993297E+00  6.5073E+04
2.2103264E+00  6.4291E+04
2.2213780E+00  6.3519E+04
2.2324849E+00  6.2758E+04
2.2436473E+00  6.2005E+04
2.2548656E+00  6.1260E+04
2.2661399E+00  6.0526E+04
2.2774706E+00  5.9800E+04
2.2888579E+00  5.9082E+04
2.3003022E+00  5.8375E+04
2.3118037E+00  5.7676E+04
2.3233628E+00  5.6984E+04
2.3349796E+00  5.6301E+04
2.3466545E+00  5.5628E+04
2.3583878E+00  5.4962E+04
2.3649801E+00  5.4594E+04
2.3696200E+00  6.3696E+04
2.3701797E+00  6.3658E+04
2.3820306E+00  6.2878E+04
2.3939407E+00  6.2107E+04
2.4059104E+00  6.1345E+04
2.4179400E+00  6.0595E+04
2.4300297E+00  5.9852E+04
2.4421798E+00  5.9120E+04
2.4543907E+00  5.8388E+04
2.4666627E+00  5.7658E+04
2.4789960E+00  5.6936E+04
2.4913910E+00  5.6243E+04
2.5038479E+00  5.5571E+04
2.5163672E+00  5.4912E+04
2.5289490E+00  5.4261E+04
2.5415938E+00  5.3612E+04
2.5543017E+00  5.2969E+04
2.5670732E+00  5.2337E+04
2.5799086E+00  5.1713E+04
2.5928082E+00  5.1097E+04
2.6057722E+00  5.0490E+04
2.6188011E+00  4.9891E+04
2.6318951E+00  4.9300E+04
2.6450545E+00  4.8716E+04
2.6582798E+00  4.8142E+04
2.6715712E+00  4.7572E+04
2.6780604E+00  4.7299E+04
2.6849291E+00  5.0247E+04
2.6851398E+00  5.0236E+04
2.6983537E+00  4.9641E+04
2.7118455E+00  4.9042E+04
2.7254047E+00  4.8452E+04
2.7390317E+00  4.7869E+04
2.7527269E+00  4.7293E+04
2.7664905E+00  4.6725E+04
2.7803230E+00  4.6164E+04
2.7942246E+00  4.5608E+04
2.8081957E+00  4.5061E+04
2.8222367E+00  4.4533E+04
2.8363479E+00  4.4021E+04
2.8505296E+00  4.3518E+04
2.8647823E+00  4.3023E+04
2.8791062E+00  4.2534E+04
2.8935017E+00  4.2051E+04
2.9079692E+00  4.1575E+04
2.9225091E+00  4.1105E+04
2.9258366E+00  4.0999E+04
2.9371216E+00  4.2444E+04
2.9375634E+00  4.2430E+04
2.9518072E+00  4.1968E+04
2.9665662E+00  4.1500E+04
2.9813991E+00  4.1034E+04
2.9963061E+00  4.0577E+04
3.0112876E+00  4.0098E+04
3.0263440E+00  3.9620E+04
3.0414758E+00  3.9148E+04
3.0566831E+00  3.8680E+04
3.0719666E+00  3.8220E+04
3.0873264E+00  3.7760E+04
3.1027630E+00  3.7307E+04
3.1182768E+00  3.6858E+04
3.1338682E+00  3.6415E+04
3.1495376E+00  3.5976E+04
3.1652853E+00  3.5543E+04
3.1811117E+00  3.5117E+04
3.1970172E+00  3.4694E+04
3.2130023E+00  3.4276E+04
3.2290673E+00  3.3864E+04
3.2452127E+00  3.3457E+04
3.2614387E+00  3.3053E+04
3.2777459E+00  3.2656E+04
3.2941347E+00  3.2263E+04
3.3106053E+00  3.1874E+04
3.3271584E+00  3.1489E+04
3.3437941E+00  3.1111E+04
3.3605131E+00  3.0736E+04
3.3773157E+00  3.0366E+04
3.3942023E+00  3.0000E+04
3.4111733E+00  2.9638E+04
3.4282291E+00  2.9280E+04
3.4453703E+00  2.8927E+04
3.4625971E+00  2.8579E+04
3.4799101E+00  2.8234E+04
3.4973097E+00  2.7893E+04
3.5147962E+00  2.7556E+04
3.5323702E+00  2.7223E+04
3.5500321E+00  2.6894E+04
3.5677822E+00  2.6570E+04
3.5856211E+00  2.6250E+04
3.6035492E+00  2.5931E+04
3.6215670E+00  2.5619E+04
3.6396748E+00  2.5309E+04
3.6578732E+00  2.5006E+04
3.6761626E+00  2.4704E+04
3.6945434E+00  2.4407E+04
3.7130161E+00  2.4111E+04
3.7315812E+00  2.3822E+04
3.7502391E+00  2.3535E+04
3.7689903E+00  2.3250E+04
3.7878352E+00  2.2961E+04
3.8067744E+00  2.2676E+04
3.8258083E+00  2.2393E+04
3.8449373E+00  2.2117E+04
3.8641620E+00  2.1842E+04
3.8834828E+00  2.1572E+04
3.9029002E+00  2.1303E+04
3.9224147E+00  2.1033E+04
3.9420268E+00  2.0767E+04
3.9617369E+00  2.0504E+04
3.9815456E+00  2.0245E+04
4.0014533E+00  1.9990E+04
4.0214606E+00  1.9738E+04
4.0415679E+00  1.9490E+04
4.0617757E+00  1.9244E+04
4.0820846E+00  1.9002E+04
4.1024950E+00  1.8764E+04
4.1230075E+00  1.8529E+04
4.1436226E+00  1.8297E+04
4.1643407E+00  1.8068E+04
4.1851624E+00  1.7842E+04
4.2060882E+00  1.7619E+04
4.2271186E+00  1.7399E+04
4.2482542E+00  1.7182E+04
4.2694955E+00  1.6968E+04
4.2908430E+00  1.6757E+04
4.3122972E+00  1.6549E+04
4.3338587E+00  1.6343E+04
4.3555280E+00  1.6140E+04
4.3773056E+00  1.5940E+04
4.3991921E+00  1.5743E+04
4.4211881E+00  1.5548E+04
4.4432940E+00  1.5356E+04
4.4655105E+00  1.5167E+04
4.4878381E+00  1.4980E+04
4.5102772E+00  1.4795E+04
4.5328286E+00  1.4613E+04
4.5554928E+00  1.4434E+04
4.5782702E+00  1.4257E+04
4.6011616E+00  1.4082E+04
4.6241674E+00  1.3909E+04
4.6472882E+00  1.3739E+04
4.6705247E+00  1.3571E+04
4.6938773E+00  1.3405E+04
4.7173467E+00  1.3241E+04
4.7409334E+00  1.3079E+04
4.7646381E+00  1.2915E+04
4.7884613E+00  1.2754E+04
4.8124036E+00  1.2594E+04
4.8364656E+00  1.2437E+04
4.8606479E+00  1.2282E+04
4.8849512E+00  1.2129E+04
4.9093759E+00  1.1977E+04
4.9339228E+00  1.1827E+04
4.9585924E+00  1.1679E+04
4.9833854E+00  1.1533E+04
5.0083023E+00  1.1389E+04
5.0333438E+00  1.1247E+04
5.0585105E+00  1.1106E+04
5.0838031E+00  1.0968E+04
5.1092221E+00  1.0832E+04
5.1347682E+00  1.0697E+04
5.1604421E+00  1.0563E+04
5.1862443E+00  1.0432E+04
5.2121755E+00  1.0302E+04
5.2382364E+00  1.0174E+04
5.2644276E+00  1.0047E+04
5.2907497E+00  9.9226E+03
5.3172034E+00  9.7995E+03
5.3437895E+00  9.6780E+03
5.3705084E+00  9.5578E+03
5.3973609E+00  9.4376E+03
5.4243477E+00  9.3190E+03
5.4514695E+00  9.2019E+03
5.4787268E+00  9.0865E+03
5.5061205E+00  8.9727E+03
5.5336511E+00  8.8604E+03
5.5613193E+00  8.7495E+03
5.5891259E+00  8.6401E+03
5.6170716E+00  8.5322E+03
5.6451569E+00  8.4257E+03
5.6733827E+00  8.3206E+03
5.7017496E+00  8.2168E+03
5.7302584E+00  8.1145E+03
5.7589096E+00  8.0136E+03
5.7877042E+00  7.9140E+03
5.8166427E+00  7.8158E+03
5.8457259E+00  7.7187E+03
5.8749546E+00  7.6228E+03
5.9043293E+00  7.5277E+03
5.9338510E+00  7.4339E+03
5.9635202E+00  7.3414E+03
5.9933378E+00  7.2500E+03
6.0233045E+00  7.1600E+03
6.0534210E+00  7.0710E+03
6.0836882E+00  6.9832E+03
6.1141066E+00  6.8964E+03
6.1446771E+00  6.8112E+03
6.1754005E+00  6.7267E+03
6.2062775E+00  6.6435E+03
6.2373089E+00  6.5614E+03
6.2684954E+00  6.4802E+03
6.2998379E+00  6.4002E+03
6.3313371E+00  6.3213E+03
6.3629938E+00  6.2433E+03
6.3948088E+00  6.1664E+03
6.4267828E+00  6.0907E+03
6.4589167E+00  6.0156E+03
6.4912113E+00  5.9417E+03
6.5236674E+00  5.8687E+03
6.5562857E+00  5.7968E+03
6.5890671E+00  5.7256E+03
6.6220125E+00  5.6555E+03
6.6551225E+00  5.5863E+03
6.6883981E+00  5.5180E+03
6.7218401E+00  5.4506E+03
6.7554493E+00  5.3841E+03
6.7892266E+00  5.3184E+03
6.8231727E+00  5.2535E+03
6.8572886E+00  5.1894E+03
6.8915750E+00  5.1262E+03
6.9260329E+00  5.0640E+03
6.9606631E+00  5.0024E+03
6.9954664E+00  4.9417E+03
7.0304437E+00  4.8816E+03
7.0655959E+00  4.8225E+03
7.1009239E+00  4.7640E+03
7.1364285E+00  4.7062E+03
7.1721107E+00  4.6494E+03
7.2079712E+00  4.5931E+03
7.2440111E+00  4.5377E+03
7.2802311E+00  4.4828E+03
7.3166323E+00  4.4287E+03
7.3532155E+00  4.3755E+03
7.3899815E+00  4.3229E+03
7.4269314E+00  4.2707E+03
7.4640661E+00  4.2195E+03
7.5013864E+00  4.1687E+03
7.5388934E+00  4.1186E+03
7.5765878E+00  4.0693E+03
7.6144708E+00  4.0204E+03
7.6525431E+00  3.9724E+03
7.6908058E+00  3.9248E+03
7.7292599E+00  3.8780E+03
7.7679062E+00  3.8316E+03
7.8067457E+00  3.7858E+03
7.8457794E+00  3.7407E+03
7.8850083E+00  3.6962E+03
7.9244334E+00  3.6521E+03
7.9640555E+00  3.6086E+03
8.0038758E+00  3.5657E+03
8.0438952E+00  3.5233E+03
8.0841147E+00  3.4815E+03
8.1245352E+00  3.4401E+03
8.1651579E+00  3.3993E+03
8.2059837E+00  3.3584E+03
8.2470136E+00  3.3180E+03
8.2882487E+00  3.2781E+03
8.3296899E+00  3.2388E+03
8.3713384E+00  3.1997E+03
8.4131951E+00  3.1612E+03
8.4552610E+00  3.1229E+03
8.4975373E+00  3.0851E+03
8.5400250E+00  3.0474E+03
9.030794E+00  2.6514E+03
9.653919E+00  2.2229E+03
1.032004E+01  1.8670E+03
1.032459E+01  1.8648E+03
1.048262E+01  1.7911E+03
1.052476E+01  1.7722E+03
1.058798E+01  4.5637E+03
1.074601E+01  4.3842E+03
1.103212E+01  4.0837E+03
1.171953E+01  3.4661E+03
1.179334E+01  3.4072E+03
1.189891E+01  3.3255E+03
1.194674E+01  3.2895E+03
1.201849E+01  4.4891E+03
1.219787E+01  4.3133E+03
1.227617E+01  4.2397E+03
1.246407E+01  4.0697E+03
1.251417E+01  4.0263E+03
1.258933E+01  4.5791E+03
1.260708E+01  4.5631E+03
1.277723E+01  4.4111E+03
1.347697E+01  3.8536E+03
1.440688E+01  3.2473E+03
1.540095E+01  2.7356E+03
1.646362E+01  2.3019E+03
1.759961E+01  1.9364E+03
1.881398E+01  1.6298E+03
2.011215E+01  1.3727E+03
2.149988E+01  1.1564E+03
2.298338E+01  9.7369E+02
2.456923E+01  8.2031E+02
2.626450E+01  6.9071E+02
2.807676E+01  5.7749E+02
3.001405E+01  4.8216E+02
3.208502E+01  4.0310E+02
3.429889E+01  3.3746E+02
3.666551E+01  2.8286E+02
3.919543E+01  2.3741E+02
4.189992E+01  1.9953E+02
4.479101E+01  1.6792E+02
4.788159E+01  1.4130E+02
5.118542E+01  1.1902E+02
5.471721E+01  1.0024E+02
5.849270E+01  8.4252E+01
6.252870E+01  7.0936E+01
6.684318E+01  5.9808E+01
7.024287E+01  5.2753E+01
7.131802E+01  5.0775E+01
7.145536E+01  5.0529E+01
7.160472E+01  5.0265E+01
7.203478E+01  2.1771E+02
7.310993E+01  2.0996E+02
7.638578E+01  1.8828E+02
8.165640E+01  1.5846E+02
8.729069E+01  1.3353E+02
9.331374E+01  1.1275E+02
9.975239E+01  9.4819E+01
1.066353E+02  7.9810E+01
1.139931E+02  6.7240E+01
1.218587E+02  5.6715E+01
1.302669E+02  4.7896E+01
1.392553E+02  4.0504E+01
1.488640E+02  3.4247E+01
1.591356E+02  2.8974E+01
1.701159E+02  2.4563E+01
1.818539E+02  2.0869E+01
1.944018E+02  1.7774E+01
2.078156E+02  1.5180E+01
2.221548E+02  1.3004E+01
2.374835E+02  1.1176E+01
2.538699E+02  9.6406E+00
2.713869E+02  8.3481E+00
2.901126E+02  7.2590E+00
3.101304E+02  6.3396E+00
3.315294E+02  5.5896E+00
3.544049E+02  4.9502E+00
3.788588E+02  4.4034E+00
4.050001E+02  3.9345E+00
4.329451E+02  3.5316E+00