2.080733E+00  8.1908E+03
2.224304E+00  6.9768E+03
2.377781E+00  5.9505E+03
2.469796E+00  5.4387E+03
2.507599E+00  5.2471E+03
2.517680E+00  5.1977E+03
2.532801E+00  1.9772E+04
2.541848E+00  1.9573E+04
2.572598E+00  1.8921E+04
2.611974E+00  1.8130E+04
2.622475E+00  1.7927E+04
2.638225E+00  2.4586E+04
2.677602E+00  2.3615E+04
2.717235E+00  2.2704E+04
2.808190E+00  2.0841E+04
2.851172E+00  2.0053E+04
2.862634E+00  1.9850E+04
2.879827E+00  2.2488E+04
2.904724E+00  2.2021E+04
2.922810E+00  2.1692E+04
3.105150E+00  1.8674E+04
3.319406E+00  1.5769E+04
3.548445E+00  1.3257E+04
3.793288E+00  1.1136E+04
4.055024E+00  9.3615E+03
4.334821E+00  7.8757E+03
4.633924E+00  6.6293E+03
4.953664E+00  5.5853E+03
5.295467E+00  4.6891E+03
5.660855E+00  3.9258E+03
6.051453E+00  3.2824E+03
6.469004E+00  2.7457E+03
6.915365E+00  2.2994E+03
7.392525E+00  1.9276E+03
7.902609E+00  1.6160E+03
8.447890E+00  1.3560E+03
9.030794E+00  1.1366E+03
9.653919E+00  9.4593E+02
1.032004E+01  7.8798E+02
1.103212E+01  6.5692E+02
1.179334E+01  5.4632E+02
1.260708E+01  4.5424E+02
1.347697E+01  3.7687E+02
1.440688E+01  3.1314E+02
1.540095E+01  2.6057E+02
1.646362E+01  2.1713E+02
1.759961E+01  1.8122E+02
1.881398E+01  1.5148E+02
1.959951E+01  1.3582E+02
1.989950E+01  1.3047E+02
1.997950E+01  1.2908E+02
2.011215E+01  8.2361E+02
2.039949E+01  7.9141E+02
2.149988E+01  6.8522E+02
2.298338E+01  5.7589E+02
2.456923E+01  4.8504E+02
2.626450E+01  4.0811E+02
2.807676E+01  3.4108E+02
3.001405E+01  2.8473E+02
3.208502E+01  2.3780E+02
3.429889E+01  1.9868E+02
3.666551E+01  1.6605E+02
3.919543E+01  1.3887E+02
4.189992E+01  1.1558E+02
4.479101E+01  9.6035E+01
4.788159E+01  7.9852E+01
5.118542E+01  6.6448E+01
5.471721E+01  5.5342E+01
5.849270E+01  4.6136E+01
6.252870E+01  3.8496E+01
6.684318E+01  3.2148E+01
7.145536E+01  2.6889E+01
7.638578E+01  2.2528E+01
8.165640E+01  1.8890E+01
8.729069E+01  1.5829E+01
9.331374E+01  1.3281E+01
9.975239E+01  1.1180E+01
1.066353E+02  9.4429E+00
1.139931E+02  8.0075E+00
1.218587E+02  6.8200E+00
1.302669E+02  5.8364E+00
1.392553E+02  5.0209E+00
1.488640E+02  4.3438E+00
1.591356E+02  3.7808E+00
1.701159E+02  3.3117E+00
1.818539E+02  2.9202E+00
1.944018E+02  2.5924E+00
2.078156E+02  2.3173E+00
2.221548E+02  2.0856E+00
2.374835E+02  1.8899E+00
2.538699E+02  1.7237E+00
2.713869E+02  1.5819E+00
2.901126E+02  1.4603E+00
3.101304E+02  1.3554E+00
3.315294E+02  1.2644E+00
3.544049E+02  1.1848E+00
3.788588E+02  1.1147E+00
4.050001E+02  1.0526E+00
4.329451E+02  9.9695E-01