2.080733E+00  1.0845E+04
2.224304E+00  9.2538E+03
2.377781E+00  7.9090E+03
2.541848E+00  6.7553E+03
2.717235E+00  5.7512E+03
2.904724E+00  4.8985E+03
3.105150E+00  4.1273E+03
3.319406E+00  3.4398E+03
3.466750E+00  3.0580E+03
3.519812E+00  2.9353E+03
3.533962E+00  2.9038E+03
3.548445E+00  9.7416E+03
3.555187E+00  9.6975E+03
3.608250E+00  9.3636E+03
3.652460E+00  9.0981E+03
3.708365E+00  8.7772E+03
3.723273E+00  8.6898E+03
3.745635E+00  1.1786E+04
3.793288E+00  1.1423E+04
3.801540E+00  1.1362E+04
3.937640E+00  1.0400E+04
3.997910E+00  9.9977E+03
4.013982E+00  9.8939E+03
4.038090E+00  1.1223E+04
4.055024E+00  1.1106E+04
4.098360E+00  1.0813E+04
4.334821E+00  9.3775E+03
4.633924E+00  7.9039E+03
4.953664E+00  6.6509E+03
5.295467E+00  5.5956E+03
5.660855E+00  4.7058E+03
6.051453E+00  3.9600E+03
6.469004E+00  3.3341E+03
6.915365E+00  2.8088E+03
7.392525E+00  2.3629E+03
7.902609E+00  1.9845E+03
8.447890E+00  1.6660E+03
9.030794E+00  1.3961E+03
9.653919E+00  1.1610E+03
1.032004E+01  9.6664E+02
1.103212E+01  8.0576E+02
1.179334E+01  6.7233E+02
1.260708E+01  5.6126E+02
1.347697E+01  4.6905E+02
1.440688E+01  3.9250E+02
1.540095E+01  3.2860E+02
1.646362E+01  2.7453E+02
1.759961E+01  2.2925E+02
1.881398E+01  1.9097E+02
2.011215E+01  1.5932E+02
2.149988E+01  1.3310E+02
2.298338E+01  1.1137E+02
2.456923E+01  9.3325E+01
2.617698E+01  7.9023E+01
2.626450E+01  7.8337E+01
2.657764E+01  7.5950E+01
2.668449E+01  7.5160E+01
2.684476E+01  4.3787E+02
2.724542E+01  4.2061E+02
2.807676E+01  3.8772E+02
3.001405E+01  3.2495E+02
3.208502E+01  2.7281E+02
3.429889E+01  2.2923E+02
3.666551E+01  1.9199E+02
3.919543E+01  1.6060E+02
4.189992E+01  1.3430E+02
4.479101E+01  1.1229E+02
4.788159E+01  9.3896E+01
5.118542E+01  7.8531E+01
5.471721E+01  6.5605E+01
5.849270E+01  5.4681E+01
6.252870E+01  4.5613E+01
6.684318E+01  3.8085E+01
7.145536E+01  3.1835E+01
7.638578E+01  2.6642E+01
8.165640E+01  2.2294E+01
8.729069E+01  1.8629E+01
9.331374E+01  1.5596E+01
9.975239E+01  1.3087E+01
1.066353E+02  1.1007E+01
1.139931E+02  9.2849E+00
1.218587E+02  7.8532E+00
1.302669E+02  6.6648E+00
1.392553E+02  5.6791E+00
1.488640E+02  4.8606E+00
1.591356E+02  4.1804E+00
1.701159E+02  3.6142E+00
1.818539E+02  3.1424E+00
1.944018E+02  2.7484E+00
2.078156E+02  2.4188E+00
2.221548E+02  2.1425E+00
2.374835E+02  1.9103E+00
2.538699E+02  1.7143E+00
2.713869E+02  1.5485E+00
2.901126E+02  1.4075E+00
3.101304E+02  1.2873E+00
3.315294E+02  1.1840E+00
3.544049E+02  1.0950E+00
3.788588E+02  1.0177E+00
4.050001E+02  9.5012E-01
4.329451E+02  8.9060E-01