2.080733E+00  4.7341E+02
2.224304E+00  3.9657E+02
2.377781E+00  3.3257E+02
2.541848E+00  2.7920E+02
2.717235E+00  2.3465E+02
2.904724E+00  1.9743E+02
3.105150E+00  1.6463E+02
3.319406E+00  1.3615E+02
3.535252E+00  1.1391E+02
3.548445E+00  1.1273E+02
3.589363E+00  1.0915E+02
3.603793E+00  1.0792E+02
3.625437E+00  1.0320E+03
3.679548E+00  9.9216E+02
3.793288E+00  9.1510E+02
4.055024E+00  7.6917E+02
4.334821E+00  6.4734E+02
4.633924E+00  5.4506E+02
4.953664E+00  4.5715E+02
5.295467E+00  3.8286E+02
5.660855E+00  3.2043E+02
6.051453E+00  2.6801E+02
6.469004E+00  2.2413E+02
6.915365E+00  1.8742E+02
7.392525E+00  1.5638E+02
7.902609E+00  1.3004E+02
8.447890E+00  1.0816E+02
9.030794E+00  8.9846E+01
9.653919E+00  7.4241E+01
1.032004E+01  6.1365E+01
1.103212E+01  5.0736E+01
1.179334E+01  4.1958E+01
1.260708E+01  3.4709E+01
1.347697E+01  2.8723E+01
1.440688E+01  2.3777E+01
1.540095E+01  1.9692E+01
1.646362E+01  1.6231E+01
1.759961E+01  1.3367E+01
1.881398E+01  1.1015E+01
2.011215E+01  9.0838E+00
2.149988E+01  7.4976E+00
2.298338E+01  6.1942E+00
2.456923E+01  5.1231E+00
2.626450E+01  4.2426E+00
2.807676E+01  3.4984E+00
3.001405E+01  2.8849E+00
3.208502E+01  2.3840E+00
3.429889E+01  1.9753E+00
3.666551E+01  1.6413E+00
3.919543E+01  1.3685E+00
4.189992E+01  1.1454E+00
4.479101E+01  9.6285E-01
4.788159E+01  8.1339E-01
5.118542E+01  6.9091E-01
5.471721E+01  5.9044E-01
5.849270E+01  5.0792E-01
6.252870E+01  4.4009E-01
6.684318E+01  3.8419E-01
7.145536E+01  3.3809E-01
7.638578E+01  2.9995E-01
8.165640E+01  2.6803E-01
8.729069E+01  2.4148E-01
9.331374E+01  2.1940E-01
9.975239E+01  2.0093E-01
1.066353E+02  1.8543E-01
1.139931E+02  1.7234E-01
1.218587E+02  1.6121E-01
1.302669E+02  1.5169E-01
1.392553E+02  1.4348E-01
1.488640E+02  1.3633E-01
1.591356E+02  1.3006E-01
1.701159E+02  1.2450E-01
1.818539E+02  1.1952E-01
1.944018E+02  1.1502E-01
2.078156E+02  1.1091E-01
2.221548E+02  1.0713E-01
2.374835E+02  1.0362E-01
2.538699E+02  1.0032E-01
2.713869E+02  9.7216E-02
2.901126E+02  9.4268E-02
3.101304E+02  9.1450E-02
3.315294E+02  8.8743E-02
3.544049E+02  8.6128E-02
3.788588E+02  8.3605E-02
4.050001E+02  8.1157E-02
4.329451E+02  7.8779E-02