2.080733E+00  9.1668E+03
2.224304E+00  7.8134E+03
2.377781E+00  6.6611E+03
2.541848E+00  5.6860E+03
2.623362E+00  5.2782E+03
2.663515E+00  5.0930E+03
2.674223E+00  5.0452E+03
2.690284E+00  1.8684E+04
2.717235E+00  1.8162E+04
2.730438E+00  1.7913E+04
2.737336E+00  1.7785E+04
2.779234E+00  1.7032E+04
2.790407E+00  1.6840E+04
2.807166E+00  2.3057E+04
2.849064E+00  2.2162E+04
2.904724E+00  2.1065E+04
2.981650E+00  1.9720E+04
3.027288E+00  1.8966E+04
3.039458E+00  1.8767E+04
3.057713E+00  2.1245E+04
3.105150E+00  2.0433E+04
3.319406E+00  1.7240E+04
3.548445E+00  1.4523E+04
3.793288E+00  1.2218E+04
4.055024E+00  1.0280E+04
4.334821E+00  8.6464E+03
4.633924E+00  7.2767E+03
4.953664E+00  6.1262E+03
5.295467E+00  5.1604E+03
5.660855E+00  4.3296E+03
6.051453E+00  3.6254E+03
6.469004E+00  3.0326E+03
6.915365E+00  2.5389E+03
7.392525E+00  2.1279E+03
7.902609E+00  1.7854E+03
8.447890E+00  1.4985E+03
9.030794E+00  1.2555E+03
9.653919E+00  1.0448E+03
1.032004E+01  8.7045E+02
1.103212E+01  7.2575E+02
1.179334E+01  6.0539E+02
1.260708E+01  5.0388E+02
1.347697E+01  4.1915E+02
1.440688E+01  3.4807E+02
1.540095E+01  2.8947E+02
1.646362E+01  2.4109E+02
1.759961E+01  2.0110E+02
1.881398E+01  1.6798E+02
2.011215E+01  1.4054E+02
2.062312E+01  1.3148E+02
2.093878E+01  1.2629E+02
2.102296E+01  1.2496E+02
2.114922E+01  7.8599E+02
2.146488E+01  7.5415E+02
2.149988E+01  7.5073E+02
2.298338E+01  6.2711E+02
2.456923E+01  5.2781E+02
2.626450E+01  4.4451E+02
2.807676E+01  3.7221E+02
3.001405E+01  3.1076E+02
3.208502E+01  2.5955E+02
3.429889E+01  2.1686E+02
3.666551E+01  1.8126E+02
3.919543E+01  1.5158E+02
4.189992E+01  1.2683E+02
4.479101E+01  1.0543E+02
4.788159E+01  8.7665E+01
5.118542E+01  7.2945E+01
5.471721E+01  6.0748E+01
5.849270E+01  5.0637E+01
6.252870E+01  4.2250E+01
6.684318E+01  3.5285E+01
7.145536E+01  2.9498E+01
7.638578E+01  2.4700E+01
8.165640E+01  2.0697E+01
8.729069E+01  1.7333E+01
9.331374E+01  1.4546E+01
9.975239E+01  1.2230E+01
1.066353E+02  1.0318E+01
1.139931E+02  8.7379E+00
1.218587E+02  7.4303E+00
1.302669E+02  6.3479E+00
1.392553E+02  5.4504E+00
1.488640E+02  4.7058E+00
1.591356E+02  4.0868E+00
1.701159E+02  3.5714E+00
1.818539E+02  3.1414E+00
1.944018E+02  2.7819E+00
2.078156E+02  2.4804E+00
2.221548E+02  2.2268E+00
2.374835E+02  2.0127E+00
2.538699E+02  1.8312E+00
2.713869E+02  1.6766E+00
2.901126E+02  1.5443E+00
3.101304E+02  1.4302E+00
3.315294E+02  1.3314E+00
3.544049E+02  1.2452E+00
3.788588E+02  1.1694E+00
4.050001E+02  1.1022E+00
4.329451E+02  1.0421E+00