2.0089931E+00  1.4237E+04
2.0190381E+00  1.4061E+04
2.0291333E+00  1.3887E+04
2.0392790E+00  1.3715E+04
2.0494754E+00  1.3545E+04
2.0597227E+00  1.3377E+04
2.0700213E+00  1.3211E+04
2.0803714E+00  1.3048E+04
2.0907733E+00  1.2886E+04
2.1012272E+00  1.2727E+04
2.1117333E+00  1.2569E+04
2.1222920E+00  1.2414E+04
2.1329034E+00  1.2260E+04
2.1435680E+00  1.2109E+04
2.1542858E+00  1.1959E+04
2.1650572E+00  1.1811E+04
2.1758825E+00  1.1665E+04
2.1867619E+00  1.1520E+04
2.1976957E+00  1.1378E+04
2.2086842E+00  1.1238E+04
2.2197276E+00  1.1098E+04
2.2308263E+00  1.0962E+04
2.2419804E+00  1.0823E+04
2.2531903E+00  1.0686E+04
2.2644562E+00  1.0551E+04
2.2757785E+00  1.0418E+04
2.2871574E+00  1.0285E+04
2.2985932E+00  1.0154E+04
2.3100862E+00  1.0024E+04
2.3216366E+00  9.8961E+03
2.3332448E+00  9.7698E+03
2.3449110E+00  9.6447E+03
2.3566356E+00  9.5220E+03
2.3684187E+00  9.3999E+03
2.3802608E+00  9.2801E+03
2.3921621E+00  9.1615E+03
2.4041230E+00  9.0447E+03
2.4161436E+00  8.9291E+03
2.4282243E+00  8.8152E+03
2.4403654E+00  8.7025E+03
2.4525672E+00  8.5916E+03
2.4648301E+00  8.4818E+03
2.4771542E+00  8.3733E+03
2.4895400E+00  8.2665E+03
2.5019877E+00  8.1615E+03
2.5144976E+00  8.0570E+03
2.5270701E+00  7.9544E+03
2.5397055E+00  7.8529E+03
2.5524040E+00  7.7532E+03
2.5651660E+00  7.6541E+03
2.5779919E+00  7.5567E+03
2.5908818E+00  7.4606E+03
2.6038362E+00  7.3650E+03
2.6168554E+00  7.2700E+03
2.6299397E+00  7.1768E+03
2.6430894E+00  7.0841E+03
2.6563048E+00  6.9933E+03
2.6695863E+00  6.9030E+03
2.6829343E+00  6.8145E+03
2.6963489E+00  6.7266E+03
2.7098307E+00  6.6405E+03
2.7233798E+00  6.5549E+03
2.7369967E+00  6.4711E+03
2.7506817E+00  6.3879E+03
2.7644351E+00  6.3059E+03
2.7782573E+00  6.2251E+03
2.7921486E+00  6.1449E+03
2.8061093E+00  6.0664E+03
2.8201399E+00  5.9885E+03
2.8342406E+00  5.9118E+03
2.8484118E+00  5.8360E+03
2.8626539E+00  5.7614E+03
2.8769671E+00  5.6876E+03
2.8913520E+00  5.6148E+03
2.9058087E+00  5.5429E+03
2.9203378E+00  5.4721E+03
2.9349394E+00  5.4021E+03
2.9496141E+00  5.3331E+03
2.9643622E+00  5.2650E+03
2.9791840E+00  5.1976E+03
2.9940799E+00  5.1311E+03
3.0090503E+00  5.0628E+03
3.0240956E+00  4.9939E+03
3.0392161E+00  4.9259E+03
3.0544122E+00  4.8588E+03
3.0696842E+00  4.7927E+03
3.0850326E+00  4.7275E+03
3.1004578E+00  4.6632E+03
3.1159601E+00  4.5999E+03
3.1315399E+00  4.5373E+03
3.1471976E+00  4.4757E+03
3.1629336E+00  4.4150E+03
3.1787482E+00  4.3551E+03
3.1946420E+00  4.2960E+03
3.2106152E+00  4.2377E+03
3.2266683E+00  4.1803E+03
3.2428016E+00  4.1237E+03
3.2590156E+00  4.0678E+03
3.2753107E+00  4.0128E+03
3.2916873E+00  3.9584E+03
3.3081457E+00  3.9049E+03
3.3246864E+00  3.8521E+03
3.3413099E+00  3.8000E+03
3.3580164E+00  3.7487E+03
3.3748065E+00  3.6981E+03
3.3916805E+00  3.6481E+03
3.4086389E+00  3.5989E+03
3.4256821E+00  3.5504E+03
3.4428105E+00  3.5025E+03
3.4600246E+00  3.4553E+03
3.4773247E+00  3.4088E+03
3.4947113E+00  3.3629E+03
3.5121849E+00  3.3176E+03
3.5297458E+00  3.2730E+03
3.5473945E+00  3.2290E+03
3.5651315E+00  3.1855E+03
3.5829572E+00  3.1428E+03
3.6008719E+00  3.1005E+03
3.6188763E+00  3.0589E+03
3.6369707E+00  3.0179E+03
3.6551555E+00  2.9774E+03
3.6734313E+00  2.9374E+03
3.6917985E+00  2.8981E+03
3.7102575E+00  2.8593E+03
3.7288088E+00  2.8210E+03
3.7474528E+00  2.7832E+03
3.7661901E+00  2.7459E+03
3.7850210E+00  2.7092E+03
3.8039461E+00  2.6730E+03
3.8229659E+00  2.6373E+03
3.8420807E+00  2.6021E+03
3.8612911E+00  2.5673E+03
3.8805975E+00  2.5330E+03
3.9000005E+00  2.4992E+03
3.9195005E+00  2.4660E+03
3.9390980E+00  2.4331E+03
3.9587935E+00  2.4007E+03
3.9785875E+00  2.3687E+03
3.9984804E+00  2.3372E+03
4.0184728E+00  2.3061E+03
4.0385652E+00  2.2754E+03
4.0587580E+00  2.2452E+03
4.0790518E+00  2.2153E+03
4.0994471E+00  2.1859E+03
4.1199443E+00  2.1569E+03
4.1405440E+00  2.1282E+03
4.1612467E+00  2.1000E+03
4.1820530E+00  2.0722E+03
4.2029632E+00  2.0448E+03
4.2239781E+00  2.0177E+03
4.2450980E+00  1.9910E+03
4.2663234E+00  1.9646E+03
4.2876551E+00  1.9386E+03
4.3090933E+00  1.9130E+03
4.3306388E+00  1.8877E+03
4.3522920E+00  1.8628E+03
4.3740535E+00  1.8382E+03
4.3959237E+00  1.8140E+03
4.4179033E+00  1.7900E+03
4.4399929E+00  1.7664E+03
4.4621928E+00  1.7432E+03
4.4845038E+00  1.7201E+03
4.5069263E+00  1.6975E+03
4.5294609E+00  1.6752E+03
4.5521082E+00  1.6532E+03
4.5748688E+00  1.6314E+03
4.5977431E+00  1.6100E+03
4.6207318E+00  1.5888E+03
4.6438355E+00  1.5680E+03
4.6670547E+00  1.5474E+03
4.6903900E+00  1.5271E+03
4.7138419E+00  1.5071E+03
4.7374111E+00  1.4873E+03
4.7610982E+00  1.4679E+03
4.7849037E+00  1.4486E+03
4.8088282E+00  1.4297E+03
4.8328723E+00  1.4110E+03
4.8570367E+00  1.3920E+03
4.8813219E+00  1.3734E+03
4.9057285E+00  1.3550E+03
4.9302571E+00  1.3369E+03
4.9549084E+00  1.3189E+03
4.9796829E+00  1.3011E+03
5.0045814E+00  1.2834E+03
5.0296043E+00  1.2660E+03
5.0547523E+00  1.2489E+03
5.0800260E+00  1.2320E+03
5.1054262E+00  1.2154E+03
5.1309533E+00  1.1990E+03
5.1566081E+00  1.1828E+03
5.1823911E+00  1.1668E+03
5.2083031E+00  1.1511E+03
5.2343446E+00  1.1356E+03
5.2605163E+00  1.1204E+03
5.2868189E+00  1.1053E+03
5.3132530E+00  1.0904E+03
5.3398192E+00  1.0758E+03
5.3665183E+00  1.0614E+03
5.3933509E+00  1.0471E+03
5.4203177E+00  1.0331E+03
5.4474193E+00  1.0192E+03
5.4746564E+00  1.0056E+03
5.5020297E+00  9.9214E+02
5.5295398E+00  9.7887E+02
5.5571875E+00  9.6577E+02
5.5849734E+00  9.5291E+02
5.6128983E+00  9.4017E+02
5.6409628E+00  9.2742E+02
5.6691676E+00  9.1468E+02
5.6975135E+00  9.0217E+02
5.7260010E+00  8.8978E+02
5.7546310E+00  8.7757E+02
5.7834042E+00  8.6559E+02
5.8123212E+00  8.5373E+02
5.8413828E+00  8.4205E+02
5.8705897E+00  8.3054E+02
5.8999427E+00  8.1922E+02
5.9294424E+00  8.0800E+02
5.9590896E+00  7.9697E+02
5.9888850E+00  7.8612E+02
6.0188295E+00  7.7538E+02
6.0489236E+00  7.6482E+02
6.0791682E+00  7.5437E+02
6.1095641E+00  7.4411E+02
6.1401119E+00  7.3402E+02
6.1708125E+00  7.2399E+02
6.2016665E+00  7.1414E+02
6.2326749E+00  7.0446E+02
6.2638382E+00  6.9490E+02
6.2951574E+00  6.8546E+02
6.3266332E+00  6.7614E+02
6.3582664E+00  6.6700E+02
6.3900577E+00  6.5797E+02
6.4220080E+00  6.4906E+02
6.4541180E+00  6.4027E+02
6.4863886E+00  6.3160E+02
6.5188206E+00  6.2304E+02
6.5514147E+00  6.1460E+02
6.5841717E+00  6.0628E+02
6.915365E+00  5.3086E+02
7.392525E+00  4.4331E+02
7.902609E+00  3.7069E+02
8.447890E+00  3.1037E+02
9.030794E+00  2.5926E+02
9.653919E+00  2.1404E+02
1.015976E+01  1.8504E+02
1.032004E+01  1.7699E+02
1.035673E+01  1.7522E+02
1.041894E+01  1.3231E+03
1.057444E+01  1.2644E+03
1.103212E+01  1.1149E+03
1.179334E+01  9.3250E+02
1.260708E+01  7.8600E+02
1.347697E+01  6.6452E+02
1.440688E+01  5.5708E+02
1.540095E+01  4.6624E+02
1.646362E+01  3.8963E+02
1.759961E+01  3.2529E+02
1.881398E+01  2.7148E+02
2.011215E+01  2.2660E+02
2.149988E+01  1.8882E+02
2.298338E+01  1.5712E+02
2.456923E+01  1.3077E+02
2.626450E+01  1.0887E+02
2.807676E+01  9.0252E+01
3.001405E+01  7.4712E+01
3.208502E+01  6.1885E+01
3.429889E+01  5.1296E+01
3.666551E+01  4.2554E+01
3.919543E+01  3.5335E+01
4.189992E+01  2.9370E+01
4.479101E+01  2.4442E+01
4.788159E+01  2.0263E+01
5.118542E+01  1.6822E+01
5.471721E+01  1.3994E+01
5.849270E+01  1.1667E+01
6.252870E+01  9.7509E+00
6.684318E+01  8.1750E+00
7.145536E+01  6.8759E+00
7.638578E+01  5.8052E+00
8.165640E+01  4.9175E+00
8.729069E+01  4.1773E+00
9.331374E+01  3.5678E+00
9.975239E+01  3.0655E+00
1.066353E+02  2.6509E+00
1.139931E+02  2.3080E+00
1.218587E+02  2.0241E+00
1.302669E+02  1.7883E+00
1.392553E+02  1.5921E+00
1.488640E+02  1.4283E+00
1.591356E+02  1.2910E+00
1.701159E+02  1.1755E+00
1.818539E+02  1.0779E+00
1.944018E+02  9.9492E-01
2.078156E+02  9.2394E-01
2.221548E+02  8.6287E-01
2.374835E+02  8.0989E-01
2.538699E+02  7.6364E-01
2.713869E+02  7.2287E-01
2.901126E+02  6.8658E-01
3.101304E+02  6.5407E-01
3.315294E+02  6.2469E-01
3.544049E+02  5.9785E-01
3.788588E+02  5.7314E-01
4.050001E+02  5.5023E-01
4.329451E+02  5.2883E-01