2.080733E+00  1.0862E+04
2.224304E+00  9.1457E+03
2.377781E+00  7.7055E+03
2.541848E+00  6.4960E+03
2.717235E+00  5.4806E+03
2.904724E+00  4.6200E+03
3.105150E+00  3.8546E+03
3.319406E+00  3.1989E+03
3.548445E+00  2.6493E+03
3.793288E+00  2.1935E+03
4.055024E+00  1.8183E+03
4.334821E+00  1.5090E+03
4.633924E+00  1.2539E+03
4.953664E+00  1.0431E+03
5.295467E+00  8.6890E+02
5.660855E+00  7.2477E+02
6.051453E+00  6.0530E+02
6.469004E+00  5.0620E+02
6.915365E+00  4.2389E+02
6.969760E+00  4.1519E+02
7.076440E+00  3.9883E+02
7.104888E+00  3.9463E+02
7.147560E+00  3.2514E+03
7.254240E+00  3.1124E+03
7.392525E+00  2.9439E+03
7.902609E+00  2.4647E+03
8.447890E+00  2.0826E+03
9.030794E+00  1.7558E+03
9.653919E+00  1.4678E+03
1.032004E+01  1.2260E+03
1.103212E+01  1.0242E+03
1.179334E+01  8.5575E+02
1.260708E+01  7.1520E+02
1.347697E+01  5.9783E+02
1.440688E+01  4.9893E+02
1.540095E+01  4.1360E+02
1.646362E+01  3.4284E+02
1.759961E+01  2.8419E+02
1.881398E+01  2.3564E+02
2.011215E+01  1.9546E+02
2.149988E+01  1.6220E+02
2.298338E+01  1.3466E+02
2.456923E+01  1.1185E+02
2.626450E+01  9.2960E+01
2.807676E+01  7.6957E+01
3.001405E+01  6.3668E+01
3.208502E+01  5.2557E+01
3.429889E+01  4.3345E+01
3.666551E+01  3.5794E+01
3.919543E+01  2.9602E+01
4.189992E+01  2.4524E+01
4.479101E+01  2.0355E+01
4.788159E+01  1.6934E+01
5.118542E+01  1.4124E+01
5.471721E+01  1.1817E+01
5.849270E+01  9.9205E+00
6.252870E+01  8.3606E+00
6.684318E+01  7.0774E+00
7.145536E+01  6.0202E+00
7.638578E+01  5.1487E+00
8.165640E+01  4.4242E+00
8.729069E+01  3.8170E+00
9.331374E+01  3.3172E+00
9.975239E+01  2.9050E+00
1.066353E+02  2.5643E+00
1.139931E+02  2.2821E+00
1.218587E+02  2.0475E+00
1.302669E+02  1.8518E+00
1.392553E+02  1.6879E+00
1.488640E+02  1.5500E+00
1.591356E+02  1.4332E+00
1.701159E+02  1.3339E+00
1.818539E+02  1.2488E+00
1.944018E+02  1.1752E+00
2.078156E+02  1.1112E+00
2.221548E+02  1.0549E+00
2.374835E+02  1.0051E+00
2.538699E+02  9.6047E-01
2.713869E+02  9.2023E-01
2.901126E+02  8.8346E-01
3.101304E+02  8.4968E-01
3.315294E+02  8.1842E-01
3.544049E+02  7.8913E-01
3.788588E+02  7.6164E-01
4.050001E+02  7.3559E-01
4.329451E+02  7.1079E-01