2.080733E+00  4.3698E+03
2.177854E+00  3.9182E+03
2.211189E+00  3.7789E+03
2.220078E+00  3.7430E+03
2.224304E+00  1.5364E+04
2.233412E+00  1.5181E+04
2.260566E+00  1.4650E+04
2.266746E+00  1.4534E+04
2.295166E+00  1.4011E+04
2.304393E+00  1.3847E+04
2.318233E+00  1.9070E+04
2.352834E+00  1.8280E+04
2.377781E+00  1.7754E+04
2.480968E+00  1.5846E+04
2.518942E+00  1.5234E+04
2.529068E+00  1.5077E+04
2.541848E+00  1.7130E+04
2.544258E+00  1.7090E+04
2.582232E+00  1.6475E+04
2.717235E+00  1.4550E+04
2.904724E+00  1.2384E+04
3.105150E+00  1.0461E+04
3.319406E+00  8.7981E+03
3.548445E+00  7.3950E+03
3.793288E+00  6.2194E+03
4.055024E+00  5.2358E+03
4.334821E+00  4.4118E+03
4.633924E+00  3.7056E+03
4.953664E+00  3.0993E+03
5.295467E+00  2.5893E+03
5.660855E+00  2.1629E+03
6.051453E+00  1.8086E+03
6.469004E+00  1.5132E+03
6.915365E+00  1.2664E+03
7.392525E+00  1.0611E+03
7.902609E+00  8.9005E+02
8.447890E+00  7.4726E+02
9.030794E+00  6.2650E+02
9.653919E+00  5.2157E+02
1.032004E+01  4.3300E+02
1.103212E+01  3.5958E+02
1.179334E+01  2.9777E+02
1.260708E+01  2.4695E+02
1.347697E+01  2.0509E+02
1.440688E+01  1.7058E+02
1.540095E+01  1.4209E+02
1.646362E+01  1.1854E+02
1.759961E+01  9.9052E+01
1.763765E+01  9.8485E+01
1.790761E+01  9.4560E+01
1.797960E+01  9.3555E+01
1.808759E+01  6.1977E+02
1.835755E+01  5.9374E+02
1.881398E+01  5.5299E+02
2.011215E+01  4.6268E+02
2.149988E+01  3.8958E+02
2.298338E+01  3.2850E+02
2.456923E+01  2.7593E+02
2.626450E+01  2.3130E+02
2.807676E+01  1.9314E+02
3.001405E+01  1.6115E+02
3.208502E+01  1.3450E+02
3.429889E+01  1.1231E+02
3.666551E+01  9.3640E+01
3.919543E+01  7.7699E+01
4.189992E+01  6.4515E+01
4.479101E+01  5.3604E+01
4.788159E+01  4.4572E+01
5.118542E+01  3.7090E+01
5.471721E+01  3.0891E+01
5.849270E+01  2.5744E+01
6.252870E+01  2.1483E+01
6.684318E+01  1.7953E+01
7.145536E+01  1.5030E+01
7.638578E+01  1.2607E+01
8.165640E+01  1.0564E+01
8.729069E+01  8.8529E+00
9.331374E+01  7.4413E+00
9.975239E+01  6.2769E+00
1.066353E+02  5.3157E+00
1.139931E+02  4.5214E+00
1.218587E+02  3.8645E+00
1.302669E+02  3.3206E+00
1.392553E+02  2.8697E+00
1.488640E+02  2.4952E+00
1.591356E+02  2.1837E+00
1.701159E+02  1.9241E+00
1.818539E+02  1.7071E+00
1.944018E+02  1.5252E+00
2.078156E+02  1.3723E+00
2.221548E+02  1.2432E+00
2.374835E+02  1.1338E+00
2.538699E+02  1.0406E+00
2.713869E+02  9.6072E-01
2.901126E+02  8.9194E-01
3.101304E+02  8.3221E-01
3.315294E+02  7.8005E-01
3.544049E+02  7.3409E-01
3.788588E+02  6.9334E-01
4.050001E+02  6.5682E-01
4.329451E+02  6.2391E-01