2.0004844E+00  2.0070E+04
2.0104868E+00  1.9858E+04
2.0205393E+00  1.9649E+04
2.0306420E+00  1.9441E+04
2.0407952E+00  1.9237E+04
2.0509992E+00  1.9035E+04
2.0612542E+00  1.8835E+04
2.0715604E+00  1.8637E+04
2.0819182E+00  1.8442E+04
2.0923278E+00  1.8250E+04
2.1027895E+00  1.8059E+04
2.1133034E+00  1.7871E+04
2.1238699E+00  1.7684E+04
2.1344893E+00  1.7500E+04
2.1451617E+00  1.7319E+04
2.1558875E+00  1.7139E+04
2.1666670E+00  1.6962E+04
2.1775003E+00  1.6786E+04
2.1883878E+00  1.6610E+04
2.1993297E+00  1.6435E+04
2.2051132E+00  1.6344E+04
2.2062866E+00  4.8524E+04
2.2103264E+00  4.8310E+04
2.2213780E+00  4.7725E+04
2.2324849E+00  4.7150E+04
2.2436473E+00  4.6581E+04
2.2548656E+00  4.6017E+04
2.2661399E+00  4.5463E+04
2.2774706E+00  4.4915E+04
2.2888579E+00  4.4375E+04
2.2904585E+00  4.4299E+04
2.2917415E+00  6.4782E+04
2.3003022E+00  6.4190E+04
2.3118037E+00  6.3404E+04
2.3233628E+00  6.2628E+04
2.3349796E+00  6.1862E+04
2.3466545E+00  6.1106E+04
2.3583878E+00  6.0359E+04
2.3701797E+00  5.9622E+04
2.3820306E+00  5.8894E+04
2.3939407E+00  5.8174E+04
2.4059104E+00  5.7464E+04
2.4179400E+00  5.6763E+04
2.4300297E+00  5.6070E+04
2.4421798E+00  5.5387E+04
2.4543907E+00  5.4712E+04
2.4666627E+00  5.4044E+04
2.4789960E+00  5.3386E+04
2.4913910E+00  5.2735E+04
2.5038479E+00  5.2095E+04
2.5163672E+00  5.1460E+04
2.5289490E+00  5.0834E+04
2.5415938E+00  5.0215E+04
2.5543017E+00  4.9605E+04
2.5670732E+00  4.9003E+04
2.5799086E+00  4.8406E+04
2.5928082E+00  4.7818E+04
2.6057722E+00  4.7235E+04
2.6188011E+00  4.6660E+04
2.6318951E+00  4.6092E+04
2.6450545E+00  4.5533E+04
2.6582798E+00  4.4979E+04
2.6715712E+00  4.4432E+04
2.6849291E+00  4.3892E+04
2.6983537E+00  4.3359E+04
2.7118455E+00  4.2832E+04
2.7254047E+00  4.2313E+04
2.7390317E+00  4.1800E+04
2.7404353E+00  4.1748E+04
2.7455647E+00  4.8273E+04
2.7527269E+00  4.7982E+04
2.7664905E+00  4.7432E+04
2.7803230E+00  4.6887E+04
2.7942246E+00  4.6351E+04
2.8081957E+00  4.5820E+04
2.8222367E+00  4.5295E+04
2.8363479E+00  4.4776E+04
2.8505296E+00  4.4265E+04
2.8647823E+00  4.3759E+04
2.8791062E+00  4.3249E+04
2.8935017E+00  4.2744E+04
2.9079692E+00  4.2246E+04
2.9225091E+00  4.1754E+04
2.9371216E+00  4.1265E+04
2.9518072E+00  4.0785E+04
2.9665662E+00  4.0308E+04
2.9813991E+00  3.9837E+04
2.9963061E+00  3.9368E+04
3.0112876E+00  3.8876E+04
3.0263440E+00  3.8384E+04
3.0414758E+00  3.7897E+04
3.0566831E+00  3.7415E+04
3.0719666E+00  3.6940E+04
3.0873264E+00  3.6471E+04
3.1027630E+00  3.6008E+04
3.1182768E+00  3.5551E+04
3.1338682E+00  3.5099E+04
3.1431727E+00  3.4835E+04
3.1495376E+00  3.6932E+04
3.1524272E+00  3.6846E+04
3.1652853E+00  3.6465E+04
3.1811117E+00  3.6004E+04
3.1970172E+00  3.5549E+04
3.2130023E+00  3.5099E+04
3.2290673E+00  3.4653E+04
3.2452127E+00  3.4215E+04
3.2614387E+00  3.3783E+04
3.2777459E+00  3.3356E+04
3.2941347E+00  3.2934E+04
3.3106053E+00  3.2520E+04
3.3271584E+00  3.2115E+04
3.3437941E+00  3.1718E+04
3.3605131E+00  3.1324E+04
3.3773157E+00  3.0936E+04
3.3942023E+00  3.0552E+04
3.4111733E+00  3.0176E+04
3.4177420E+00  3.0031E+04
3.4282291E+00  3.1108E+04
3.4320581E+00  3.1025E+04
3.4453703E+00  3.0733E+04
3.4625971E+00  3.0363E+04
3.4799101E+00  2.9996E+04
3.4973097E+00  2.9635E+04
3.5147962E+00  2.9280E+04
3.5323702E+00  2.8929E+04
3.5500321E+00  2.8581E+04
3.5677822E+00  2.8240E+04
3.5856211E+00  2.7898E+04
3.6035492E+00  2.7560E+04
3.6215670E+00  2.7227E+04
3.6396748E+00  2.6898E+04
3.6578732E+00  2.6574E+04
3.6761626E+00  2.6254E+04
3.6945434E+00  2.5939E+04
3.7130161E+00  2.5627E+04
3.7315812E+00  2.5320E+04
3.7502391E+00  2.5015E+04
3.7689903E+00  2.4716E+04
3.7878352E+00  2.4420E+04
3.8067744E+00  2.4127E+04
3.8258083E+00  2.3839E+04
3.8449373E+00  2.3554E+04
3.8641620E+00  2.3274E+04
3.8834828E+00  2.2996E+04
3.9029002E+00  2.2722E+04
3.9224147E+00  2.2452E+04
3.9420268E+00  2.2183E+04
3.9617369E+00  2.1921E+04
3.9815456E+00  2.1660E+04
4.0014533E+00  2.1404E+04
4.0214606E+00  2.1149E+04
4.0415679E+00  2.0900E+04
4.0617757E+00  2.0651E+04
4.0820846E+00  2.0408E+04
4.1024950E+00  2.0165E+04
4.1230075E+00  1.9923E+04
4.1436226E+00  1.9686E+04
4.1643407E+00  1.9451E+04
4.1851624E+00  1.9219E+04
4.2060882E+00  1.8989E+04
4.2271186E+00  1.8763E+04
4.2482542E+00  1.8539E+04
4.2694955E+00  1.8319E+04
4.2908430E+00  1.8101E+04
4.3122972E+00  1.7885E+04
4.3338587E+00  1.7672E+04
4.3555280E+00  1.7462E+04
4.3773056E+00  1.7255E+04
4.3991921E+00  1.7050E+04
4.4211881E+00  1.6844E+04
4.4432940E+00  1.6637E+04
4.4655105E+00  1.6432E+04
4.4878381E+00  1.6230E+04
4.5102772E+00  1.6030E+04
4.5328286E+00  1.5833E+04
4.5554928E+00  1.5638E+04
4.5782702E+00  1.5446E+04
4.6011616E+00  1.5252E+04
4.6241674E+00  1.5061E+04
4.6472882E+00  1.4871E+04
4.6705247E+00  1.4685E+04
4.6938773E+00  1.4501E+04
4.7173467E+00  1.4319E+04
4.7409334E+00  1.4140E+04
4.7646381E+00  1.3963E+04
4.7884613E+00  1.3789E+04
4.8124036E+00  1.3617E+04
4.8364656E+00  1.3447E+04
4.8606479E+00  1.3279E+04
4.8849512E+00  1.3114E+04
4.9093759E+00  1.2950E+04
4.9339228E+00  1.2790E+04
4.9585924E+00  1.2631E+04
4.9833854E+00  1.2474E+04
5.0083023E+00  1.2319E+04
5.0333438E+00  1.2167E+04
5.0585105E+00  1.2016E+04
5.0838031E+00  1.1867E+04
5.1092221E+00  1.1721E+04
5.1347682E+00  1.1576E+04
5.1604421E+00  1.1433E+04
5.1862443E+00  1.1292E+04
5.2121755E+00  1.1153E+04
5.2382364E+00  1.1016E+04
5.2644276E+00  1.0880E+04
5.2907497E+00  1.0746E+04
5.3172034E+00  1.0615E+04
5.3437895E+00  1.0485E+04
5.3705084E+00  1.0356E+04
5.3973609E+00  1.0229E+04
5.4243477E+00  1.0104E+04
5.4514695E+00  9.9806E+03
5.4787268E+00  9.8588E+03
5.5061205E+00  9.7365E+03
5.5336511E+00  9.6151E+03
5.5613193E+00  9.4952E+03
5.5891259E+00  9.3769E+03
5.6170716E+00  9.2601E+03
5.6451569E+00  9.1451E+03
5.6733827E+00  9.0314E+03
5.7017496E+00  8.9193E+03
5.7302584E+00  8.8087E+03
5.7589096E+00  8.6995E+03
5.7877042E+00  8.5918E+03
5.8166427E+00  8.4854E+03
5.8457259E+00  8.3806E+03
5.8749546E+00  8.2772E+03
5.9043293E+00  8.1749E+03
5.9338510E+00  8.0742E+03
5.9635202E+00  7.9748E+03
5.9933378E+00  7.8765E+03
6.0233045E+00  7.7798E+03
6.0534210E+00  7.6841E+03
6.0836882E+00  7.5899E+03
6.1141066E+00  7.4967E+03
6.1446771E+00  7.4048E+03
6.1754005E+00  7.3143E+03
6.2062775E+00  7.2248E+03
6.2373089E+00  7.1366E+03
6.2684954E+00  7.0493E+03
6.2998379E+00  6.9629E+03
6.3313371E+00  6.8764E+03
6.3629938E+00  6.7913E+03
6.3948088E+00  6.7073E+03
6.4267828E+00  6.6243E+03
6.4589167E+00  6.5425E+03
6.4912113E+00  6.4616E+03
6.5236674E+00  6.3819E+03
6.5562857E+00  6.3034E+03
6.5890671E+00  6.2256E+03
6.6220125E+00  6.1490E+03
6.6551225E+00  6.0731E+03
6.6883981E+00  5.9981E+03
6.7218401E+00  5.9241E+03
6.7554493E+00  5.8512E+03
6.7892266E+00  5.7792E+03
6.8231727E+00  5.7082E+03
6.8572886E+00  5.6379E+03
6.8915750E+00  5.5684E+03
6.9260329E+00  5.4997E+03
6.9606631E+00  5.4320E+03
6.9954664E+00  5.3652E+03
7.0304437E+00  5.2992E+03
7.0655959E+00  5.2342E+03
7.1009239E+00  5.1699E+03
7.1364285E+00  5.1066E+03
7.1721107E+00  5.0441E+03
7.2079712E+00  4.9823E+03
7.2440111E+00  4.9213E+03
7.2802311E+00  4.8611E+03
7.3166323E+00  4.8018E+03
7.3532155E+00  4.7432E+03
7.3899815E+00  4.6855E+03
7.4269314E+00  4.6283E+03
7.4640661E+00  4.5720E+03
7.5013864E+00  4.5164E+03
7.5388934E+00  4.4616E+03
7.5765878E+00  4.4073E+03
7.6144708E+00  4.3539E+03
7.6525431E+00  4.3012E+03
7.6908058E+00  4.2491E+03
7.7292599E+00  4.1976E+03
7.7679062E+00  4.1468E+03
7.8067457E+00  4.0968E+03
7.8457794E+00  4.0472E+03
7.8850083E+00  3.9986E+03
7.9244334E+00  3.9503E+03
7.9640555E+00  3.9027E+03
8.0038758E+00  3.8558E+03
8.0438952E+00  3.8094E+03
8.0841147E+00  3.7637E+03
8.1245352E+00  3.7185E+03
8.1651579E+00  3.6739E+03
8.2059837E+00  3.6299E+03
8.2470136E+00  3.5865E+03
8.2882487E+00  3.5435E+03
8.3296899E+00  3.5012E+03
8.3713384E+00  3.4593E+03
8.4131951E+00  3.4182E+03
8.4552610E+00  3.3773E+03
8.4975373E+00  3.3372E+03
8.5400250E+00  3.2974E+03
9.030794E+00  2.8769E+03
9.653919E+00  2.4200E+03
1.032004E+01  2.0323E+03
1.103212E+01  1.7084E+03
1.168033E+01  1.4754E+03
1.179334E+01  1.4397E+03
1.185911E+01  1.4195E+03
1.190678E+01  1.4049E+03
1.197829E+01  3.5365E+03
1.215707E+01  3.3958E+03
1.260708E+01  3.0745E+03
1.345893E+01  2.5752E+03
1.347697E+01  2.5661E+03
1.366493E+01  2.4718E+03
1.371987E+01  2.4451E+03
1.380227E+01  3.3493E+03
1.400827E+01  3.2185E+03
1.406574E+01  3.1833E+03
1.428104E+01  3.0562E+03
1.433845E+01  3.0233E+03
1.440688E+01  3.4487E+03
1.442456E+01  3.4381E+03
1.463986E+01  3.3123E+03
1.540095E+01  2.9143E+03
1.646362E+01  2.4573E+03
1.759961E+01  2.0719E+03
1.881398E+01  1.7454E+03
2.011215E+01  1.4699E+03
2.149988E+01  1.2386E+03
2.298338E+01  1.0444E+03
2.456923E+01  8.8083E+02
2.626450E+01  7.4291E+02
2.807676E+01  6.2275E+02
3.001405E+01  5.2017E+02
3.208502E+01  4.3467E+02
3.429889E+01  3.6365E+02
3.666551E+01  3.0461E+02
3.919543E+01  2.5549E+02
4.189992E+01  2.1456E+02
4.479101E+01  1.8044E+02
4.788159E+01  1.5195E+02
5.118542E+01  1.2813E+02
5.471721E+01  1.0800E+02
5.849270E+01  9.1162E+01
6.252870E+01  7.6949E+01
6.684318E+01  6.4842E+01
7.145536E+01  5.4727E+01
7.638578E+01  4.6268E+01
7.911040E+01  4.2394E+01
8.032127E+01  4.0812E+01
8.064417E+01  4.0389E+01
8.112852E+01  1.6717E+02
8.165640E+01  1.6448E+02
8.233940E+01  1.6108E+02
8.729069E+01  1.3909E+02
9.331374E+01  1.1752E+02
9.975239E+01  9.9169E+01
1.066353E+02  8.3698E+01
1.139931E+02  7.0675E+01
1.218587E+02  5.9604E+01
1.302669E+02  5.0307E+01
1.392553E+02  4.2502E+01
1.488640E+02  3.5956E+01
1.591356E+02  3.0463E+01
1.701159E+02  2.5848E+01
1.818539E+02  2.1954E+01
1.944018E+02  1.8685E+01
2.078156E+02  1.5942E+01
2.221548E+02  1.3637E+01
2.374835E+02  1.1700E+01
2.538699E+02  1.0070E+01
2.713869E+02  8.6966E+00
2.901126E+02  7.5390E+00
3.101304E+02  6.5614E+00
3.315294E+02  5.7350E+00
3.544049E+02  5.0348E+00
3.788588E+02  4.4409E+00
4.050001E+02  3.9355E+00
4.329451E+02  3.5049E+00