2.0004844E+00  6.2206E+04
2.0104868E+00  6.1467E+04
2.0205393E+00  6.0738E+04
2.0299512E+00  6.0065E+04
2.0306420E+00  6.0015E+04
2.0316490E+00  8.8555E+04
2.0407952E+00  8.7593E+04
2.0509992E+00  8.6538E+04
2.0612542E+00  8.5494E+04
2.0715604E+00  8.4466E+04
2.0819182E+00  8.3450E+04
2.0923278E+00  8.2444E+04
2.1027895E+00  8.1453E+04
2.1133034E+00  8.0472E+04
2.1238699E+00  7.9506E+04
2.1344893E+00  7.8550E+04
2.1451617E+00  7.7606E+04
2.1558875E+00  7.6673E+04
2.1666670E+00  7.5751E+04
2.1775003E+00  7.4843E+04
2.1883878E+00  7.3944E+04
2.1993297E+00  7.3054E+04
2.2103264E+00  7.2175E+04
2.2213780E+00  7.1305E+04
2.2324849E+00  7.0449E+04
2.2436473E+00  6.9602E+04
2.2548656E+00  6.8766E+04
2.2661399E+00  6.7939E+04
2.2774706E+00  6.7124E+04
2.2888579E+00  6.6317E+04
2.3003022E+00  6.5522E+04
2.3118037E+00  6.4736E+04
2.3233628E+00  6.3959E+04
2.3349796E+00  6.3191E+04
2.3466545E+00  6.2434E+04
2.3583878E+00  6.1684E+04
2.3701797E+00  6.0946E+04
2.3820306E+00  6.0216E+04
2.3939407E+00  5.9495E+04
2.4059104E+00  5.8781E+04
2.4179400E+00  5.8079E+04
2.4300297E+00  5.7383E+04
2.4421798E+00  5.6696E+04
2.4543907E+00  5.6019E+04
2.4549050E+00  5.5989E+04
2.4594951E+00  6.5274E+04
2.4666627E+00  6.4811E+04
2.4789960E+00  6.4025E+04
2.4913910E+00  6.3247E+04
2.5038479E+00  6.2479E+04
2.5163672E+00  6.1723E+04
2.5289490E+00  6.0973E+04
2.5415938E+00  6.0234E+04
2.5543017E+00  5.9495E+04
2.5670732E+00  5.8759E+04
2.5799086E+00  5.8034E+04
2.5928082E+00  5.7345E+04
2.6057722E+00  5.6667E+04
2.6188011E+00  5.5996E+04
2.6318951E+00  5.5336E+04
2.6450545E+00  5.4684E+04
2.6582798E+00  5.4031E+04
2.6715712E+00  5.3389E+04
2.6849291E+00  5.2757E+04
2.6983537E+00  5.2131E+04
2.7118455E+00  5.1514E+04
2.7254047E+00  5.0904E+04
2.7390317E+00  5.0303E+04
2.7527269E+00  4.9712E+04
2.7664905E+00  4.9126E+04
2.7803230E+00  4.8548E+04
2.7883189E+00  4.8218E+04
2.7942246E+00  5.1254E+04
2.7960812E+00  5.1171E+04
2.8081957E+00  5.0638E+04
2.8222367E+00  5.0030E+04
2.8363479E+00  4.9431E+04
2.8505296E+00  4.8837E+04
2.8647823E+00  4.8252E+04
2.8791062E+00  4.7676E+04
2.8935017E+00  4.7105E+04
2.9079692E+00  4.6540E+04
2.9225091E+00  4.5984E+04
2.9371216E+00  4.5447E+04
2.9518072E+00  4.4929E+04
2.9665662E+00  4.4419E+04
2.9813991E+00  4.3917E+04
2.9963061E+00  4.3420E+04
3.0112876E+00  4.2901E+04
3.0263440E+00  4.2379E+04
3.0414758E+00  4.1864E+04
3.0422811E+00  4.1837E+04
3.0547190E+00  4.3244E+04
3.0566831E+00  4.3179E+04
3.0719666E+00  4.2661E+04
3.0873264E+00  4.2153E+04
3.1027630E+00  4.1649E+04
3.1182768E+00  4.1152E+04
3.1338682E+00  4.0660E+04
3.1495376E+00  4.0174E+04
3.1652853E+00  3.9695E+04
3.1811117E+00  3.9221E+04
3.1970172E+00  3.8751E+04
3.2130023E+00  3.8283E+04
3.2290673E+00  3.7822E+04
3.2452127E+00  3.7366E+04
3.2614387E+00  3.6914E+04
3.2777459E+00  3.6469E+04
3.2941347E+00  3.6029E+04
3.3106053E+00  3.5593E+04
3.3271584E+00  3.5164E+04
3.3437941E+00  3.4739E+04
3.3605131E+00  3.4319E+04
3.3773157E+00  3.3905E+04
3.3942023E+00  3.3494E+04
3.4111733E+00  3.3090E+04
3.4282291E+00  3.2690E+04
3.4453703E+00  3.2295E+04
3.4625971E+00  3.1904E+04
3.4799101E+00  3.1520E+04
3.4973097E+00  3.1138E+04
3.5147962E+00  3.0761E+04
3.5323702E+00  3.0390E+04
3.5500321E+00  3.0022E+04
3.5677822E+00  2.9661E+04
3.5856211E+00  2.9301E+04
3.6035492E+00  2.8949E+04
3.6215670E+00  2.8599E+04
3.6396748E+00  2.8253E+04
3.6578732E+00  2.7914E+04
3.6761626E+00  2.7578E+04
3.6945434E+00  2.7246E+04
3.7130161E+00  2.6918E+04
3.7315812E+00  2.6593E+04
3.7502391E+00  2.6274E+04
3.7689903E+00  2.5958E+04
3.7878352E+00  2.5646E+04
3.8067744E+00  2.5339E+04
3.8258083E+00  2.5036E+04
3.8449373E+00  2.4736E+04
3.8641620E+00  2.4440E+04
3.8834828E+00  2.4146E+04
3.9029002E+00  2.3857E+04
3.9224147E+00  2.3573E+04
3.9420268E+00  2.3279E+04
3.9617369E+00  2.2992E+04
3.9815456E+00  2.2707E+04
4.0014533E+00  2.2426E+04
4.0214606E+00  2.2148E+04
4.0415679E+00  2.1874E+04
4.0617757E+00  2.1604E+04
4.0820846E+00  2.1330E+04
4.1024950E+00  2.1061E+04
4.1230075E+00  2.0795E+04
4.1436226E+00  2.0533E+04
4.1643407E+00  2.0274E+04
4.1851624E+00  2.0018E+04
4.2060882E+00  1.9766E+04
4.2271186E+00  1.9518E+04
4.2482542E+00  1.9273E+04
4.2694955E+00  1.9031E+04
4.2908430E+00  1.8793E+04
4.3122972E+00  1.8557E+04
4.3338587E+00  1.8325E+04
4.3555280E+00  1.8096E+04
4.3773056E+00  1.7870E+04
4.3991921E+00  1.7648E+04
4.4211881E+00  1.7428E+04
4.4432940E+00  1.7211E+04
4.4655105E+00  1.6997E+04
4.4878381E+00  1.6786E+04
4.5102772E+00  1.6577E+04
4.5328286E+00  1.6372E+04
4.5554928E+00  1.6169E+04
4.5782702E+00  1.5969E+04
4.6011616E+00  1.5772E+04
4.6241674E+00  1.5577E+04
4.6472882E+00  1.5385E+04
4.6705247E+00  1.5195E+04
4.6938773E+00  1.5008E+04
4.7173467E+00  1.4823E+04
4.7409334E+00  1.4641E+04
4.7646381E+00  1.4461E+04
4.7884613E+00  1.4284E+04
4.8124036E+00  1.4109E+04
4.8364656E+00  1.3936E+04
4.8606479E+00  1.3766E+04
4.8849512E+00  1.3598E+04
4.9093759E+00  1.3432E+04
4.9339228E+00  1.3264E+04
4.9585924E+00  1.3099E+04
4.9833854E+00  1.2935E+04
5.0083023E+00  1.2773E+04
5.0333438E+00  1.2614E+04
5.0585105E+00  1.2457E+04
5.0838031E+00  1.2302E+04
5.1092221E+00  1.2149E+04
5.1347682E+00  1.1997E+04
5.1604421E+00  1.1847E+04
5.1862443E+00  1.1699E+04
5.2121755E+00  1.1553E+04
5.2382364E+00  1.1409E+04
5.2644276E+00  1.1267E+04
5.2907497E+00  1.1127E+04
5.3172034E+00  1.0988E+04
5.3437895E+00  1.0852E+04
5.3705084E+00  1.0717E+04
5.3973609E+00  1.0584E+04
5.4243477E+00  1.0453E+04
5.4514695E+00  1.0323E+04
5.4787268E+00  1.0195E+04
5.5061205E+00  1.0068E+04
5.5336511E+00  9.9437E+03
5.5613193E+00  9.8203E+03
5.5891259E+00  9.6986E+03
5.6170716E+00  9.5768E+03
5.6451569E+00  9.4566E+03
5.6733827E+00  9.3380E+03
5.7017496E+00  9.2210E+03
5.7302584E+00  9.1056E+03
5.7589096E+00  8.9917E+03
5.7877042E+00  8.8792E+03
5.8166427E+00  8.7683E+03
5.8457259E+00  8.6590E+03
5.8749546E+00  8.5510E+03
5.9043293E+00  8.4444E+03
5.9338510E+00  8.3393E+03
5.9635202E+00  8.2356E+03
5.9933378E+00  8.1333E+03
6.0233045E+00  8.0323E+03
6.0534210E+00  7.9325E+03
6.0836882E+00  7.8342E+03
6.1141066E+00  7.7368E+03
6.1446771E+00  7.6406E+03
6.1754005E+00  7.5457E+03
6.2062775E+00  7.4520E+03
6.2373089E+00  7.3594E+03
6.2684954E+00  7.2681E+03
6.2998379E+00  7.1780E+03
6.3313371E+00  7.0892E+03
6.3629938E+00  7.0013E+03
6.3948088E+00  6.9148E+03
6.4267828E+00  6.8294E+03
6.4589167E+00  6.7451E+03
6.4912113E+00  6.6618E+03
6.5236674E+00  6.5798E+03
6.5562857E+00  6.4987E+03
6.5890671E+00  6.4187E+03
6.6220125E+00  6.3399E+03
6.6551225E+00  6.2619E+03
6.6883981E+00  6.1851E+03
6.7218401E+00  6.1092E+03
6.7554493E+00  6.0342E+03
6.7892266E+00  5.9604E+03
6.8231727E+00  5.8874E+03
6.8572886E+00  5.8156E+03
6.8915750E+00  5.7444E+03
6.9260329E+00  5.6744E+03
6.9606631E+00  5.6050E+03
6.9954664E+00  5.5368E+03
7.0304437E+00  5.4693E+03
7.0655959E+00  5.4029E+03
7.1009239E+00  5.3371E+03
7.1364285E+00  5.2723E+03
7.1721107E+00  5.2081E+03
7.2079712E+00  5.1451E+03
7.2440111E+00  5.0825E+03
7.2802311E+00  5.0211E+03
7.3166323E+00  4.9603E+03
7.3532155E+00  4.9002E+03
7.3899815E+00  4.8410E+03
7.4269314E+00  4.7828E+03
7.4640661E+00  4.7249E+03
7.5013864E+00  4.6680E+03
7.5388934E+00  4.6117E+03
7.5765878E+00  4.5564E+03
7.6144708E+00  4.5015E+03
7.6525431E+00  4.4475E+03
7.6908058E+00  4.3940E+03
7.7292599E+00  4.3413E+03
7.7679062E+00  4.2892E+03
7.8067457E+00  4.2379E+03
7.8457794E+00  4.1873E+03
7.8850083E+00  4.1371E+03
7.9244334E+00  4.0877E+03
7.9640555E+00  4.0389E+03
8.0038758E+00  3.9907E+03
8.0438952E+00  3.9431E+03
8.0841147E+00  3.8961E+03
8.1245352E+00  3.8498E+03
8.1651579E+00  3.8039E+03
8.2059837E+00  3.7588E+03
8.2470136E+00  3.7142E+03
8.2882487E+00  3.6702E+03
8.3296899E+00  3.6266E+03
8.3713384E+00  3.5837E+03
8.4131951E+00  3.5412E+03
8.4552610E+00  3.4994E+03
8.4975373E+00  3.4581E+03
8.5400250E+00  3.4165E+03
9.030794E+00  2.9744E+03
9.653919E+00  2.4928E+03
1.032004E+01  2.0945E+03
1.065348E+01  1.9289E+03
1.081655E+01  1.8530E+03
1.086003E+01  1.8335E+03
1.092525E+01  4.6960E+03
1.103212E+01  4.5745E+03
1.108832E+01  4.5124E+03
1.179334E+01  3.8211E+03
1.213730E+01  3.5351E+03
1.232308E+01  3.3919E+03
1.237262E+01  3.3548E+03
1.244693E+01  4.5815E+03
1.260708E+01  4.4263E+03
1.263270E+01  4.4021E+03
1.270864E+01  4.3316E+03
1.290316E+01  4.1579E+03
1.295503E+01  4.1134E+03
1.303284E+01  4.6786E+03
1.322736E+01  4.5065E+03
1.347697E+01  4.2984E+03
1.440688E+01  3.6261E+03
1.540095E+01  3.0553E+03
1.646362E+01  2.5737E+03
1.759961E+01  2.1656E+03
1.881398E+01  1.8227E+03
2.011215E+01  1.5351E+03
2.149988E+01  1.2939E+03
2.298338E+01  1.0897E+03
2.456923E+01  9.1828E+02
2.626450E+01  7.7378E+02
2.807676E+01  6.4691E+02
3.001405E+01  5.4010E+02
3.208502E+01  4.5151E+02
3.429889E+01  3.7791E+02
3.666551E+01  3.1673E+02
3.919543E+01  2.6582E+02
4.189992E+01  2.2339E+02
4.479101E+01  1.8797E+02
4.788159E+01  1.5832E+02
5.118542E+01  1.3333E+02
5.471721E+01  1.1240E+02
5.849270E+01  9.4607E+01
6.252870E+01  7.9634E+01
6.684318E+01  6.7140E+01
7.145536E+01  5.6699E+01
7.239338E+01  5.4873E+01
7.350144E+01  5.2822E+01
7.379693E+01  5.2294E+01
7.424015E+01  2.2396E+02
7.534821E+01  2.1596E+02
7.638578E+01  2.0884E+02
8.165640E+01  1.7619E+02
8.729069E+01  1.4836E+02
9.331374E+01  1.2520E+02
9.975239E+01  1.0553E+02
1.066353E+02  8.8824E+01
1.139931E+02  7.4838E+01
1.218587E+02  6.3123E+01
1.302669E+02  5.3303E+01
1.392553E+02  4.5072E+01
1.488640E+02  3.8155E+01
1.591356E+02  3.2279E+01
1.701159E+02  2.7361E+01
1.818539E+02  2.3241E+01
1.944018E+02  1.9789E+01
2.078156E+02  1.6895E+01
2.221548E+02  1.4466E+01
2.374835E+02  1.2425E+01
2.538699E+02  1.0710E+01
2.713869E+02  9.2669E+00
2.901126E+02  8.0502E+00
3.101304E+02  7.0235E+00
3.315294E+02  6.1725E+00
3.544049E+02  5.4616E+00
3.788588E+02  4.8539E+00
4.050001E+02  4.3328E+00
4.329451E+02  3.8848E+00