2.080733E+00  5.7749E+03
2.224304E+00  4.8391E+03
2.377781E+00  4.0601E+03
2.541848E+00  3.4083E+03
2.717235E+00  2.8537E+03
2.904724E+00  2.3919E+03
3.105150E+00  1.9887E+03
3.319406E+00  1.6413E+03
3.548445E+00  1.3563E+03
3.793288E+00  1.1222E+03
4.055024E+00  9.2958E+02
4.334821E+00  7.7104E+02
4.633924E+00  6.4038E+02
4.953664E+00  5.3260E+02
5.295467E+00  4.4356E+02
5.355798E+00  4.3006E+02
5.437774E+00  4.1262E+02
5.459635E+00  4.0813E+02
5.492425E+00  3.6236E+03
5.574402E+00  3.4712E+03
5.660855E+00  3.3197E+03
6.051453E+00  2.7714E+03
6.469004E+00  2.3348E+03
6.915365E+00  1.9719E+03
7.392525E+00  1.6594E+03
7.902609E+00  1.3915E+03
8.447890E+00  1.1660E+03
9.030794E+00  9.7582E+02
9.653919E+00  8.1374E+02
1.032004E+01  6.7862E+02
1.103212E+01  5.6543E+02
1.179334E+01  4.6811E+02
1.260708E+01  3.8739E+02
1.347697E+01  3.2068E+02
1.440688E+01  2.6553E+02
1.540095E+01  2.1992E+02
1.646362E+01  1.8221E+02
1.759961E+01  1.5102E+02
1.881398E+01  1.2522E+02
2.011215E+01  1.0388E+02
2.149988E+01  8.6211E+01
2.298338E+01  7.1590E+01
2.456923E+01  5.9305E+01
2.626450E+01  4.9046E+01
2.807676E+01  4.0396E+01
3.001405E+01  3.3255E+01
3.208502E+01  2.7411E+01
3.429889E+01  2.2628E+01
3.666551E+01  1.8713E+01
3.919543E+01  1.5507E+01
4.189992E+01  1.2880E+01
4.479101E+01  1.0728E+01
4.788159E+01  8.9633E+00
5.118542E+01  7.5152E+00
5.471721E+01  6.3269E+00
5.849270E+01  5.3510E+00
6.252870E+01  4.5485E+00
6.684318E+01  3.8882E+00
7.145536E+01  3.3442E+00
7.638578E+01  2.8955E+00
8.165640E+01  2.5223E+00
8.729069E+01  2.2095E+00
9.331374E+01  1.9513E+00
9.975239E+01  1.7378E+00
1.066353E+02  1.5606E+00
1.139931E+02  1.4131E+00
1.218587E+02  1.2898E+00
1.302669E+02  1.1862E+00
1.392553E+02  1.0987E+00
1.488640E+02  1.0243E+00
1.591356E+02  9.6063E-01
1.701159E+02  9.0573E-01
1.818539E+02  8.5790E-01
1.944018E+02  8.1606E-01
2.078156E+02  7.7891E-01
2.221548E+02  7.4579E-01
2.374835E+02  7.1583E-01
2.538699E+02  6.8851E-01
2.713869E+02  6.6344E-01
2.901126E+02  6.4019E-01
3.101304E+02  6.1842E-01
3.315294E+02  5.9794E-01
3.544049E+02  5.7854E-01
3.788588E+02  5.6004E-01
4.050001E+02  5.4233E-01
4.329451E+02  5.2530E-01