2.080733E+00  3.7850E+03
2.224304E+00  3.1761E+03
2.377781E+00  2.6582E+03
2.541848E+00  2.2250E+03
2.717235E+00  1.8643E+03
2.904724E+00  1.5637E+03
3.105150E+00  1.3005E+03
3.319406E+00  1.0731E+03
3.548445E+00  8.8659E+02
3.793288E+00  7.3341E+02
4.055024E+00  6.0746E+02
4.334821E+00  5.0382E+02
4.633924E+00  4.1839E+02
4.867072E+00  3.6526E+02
4.941568E+00  3.5027E+02
4.953664E+00  3.4792E+02
4.961434E+00  3.4642E+02
4.991232E+00  3.1400E+03
5.065728E+00  3.0102E+03
5.295467E+00  2.6598E+03
5.660855E+00  2.2333E+03
6.051453E+00  1.8832E+03
6.469004E+00  1.5897E+03
6.915365E+00  1.3333E+03
7.392525E+00  1.1170E+03
7.902609E+00  9.3514E+02
8.447890E+00  7.8273E+02
9.030794E+00  6.5444E+02
9.653919E+00  5.4526E+02
1.032004E+01  4.5266E+02
1.103212E+01  3.7462E+02
1.179334E+01  3.1002E+02
1.260708E+01  2.5663E+02
1.347697E+01  2.1249E+02
1.440688E+01  1.7599E+02
1.540095E+01  1.4581E+02
1.646362E+01  1.2084E+02
1.759961E+01  1.0019E+02
1.881398E+01  8.3106E+01
2.011215E+01  6.8962E+01
2.149988E+01  5.7262E+01
2.298338E+01  4.7286E+01
2.456923E+01  3.9078E+01
2.626450E+01  3.2322E+01
2.807676E+01  2.6621E+01
3.001405E+01  2.1915E+01
3.208502E+01  1.8067E+01
3.429889E+01  1.4921E+01
3.666551E+01  1.2347E+01
3.919543E+01  1.0241E+01
4.189992E+01  8.5162E+00
4.479101E+01  7.1037E+00
4.788159E+01  5.9463E+00
5.118542E+01  4.9973E+00
5.471721E+01  4.2187E+00
5.849270E+01  3.5792E+00
6.252870E+01  3.0537E+00
6.684318E+01  2.6212E+00
7.145536E+01  2.2650E+00
7.638578E+01  1.9711E+00
8.165640E+01  1.7268E+00
8.729069E+01  1.5218E+00
9.331374E+01  1.3526E+00
9.975239E+01  1.2124E+00
1.066353E+02  1.0960E+00
1.139931E+02  9.9878E-01
1.218587E+02  9.1737E-01
1.302669E+02  8.4870E-01
1.392553E+02  7.9051E-01
1.488640E+02  7.4084E-01
1.591356E+02  6.9813E-01
1.701159E+02  6.6110E-01
1.818539E+02  6.2865E-01
1.944018E+02  6.0008E-01
2.078156E+02  5.7456E-01
2.221548E+02  5.5157E-01
2.374835E+02  5.3064E-01
2.538699E+02  5.1147E-01
2.713869E+02  4.9374E-01
2.901126E+02  4.7713E-01
3.101304E+02  4.6152E-01
3.315294E+02  4.4672E-01
3.544049E+02  4.3263E-01
3.788588E+02  4.1912E-01
4.050001E+02  4.0612E-01
4.329451E+02  3.9357E-01