2.023798E+00  4.8807E+03
2.054774E+00  4.6898E+03
2.063035E+00  4.6409E+03
2.075425E+00  5.2638E+03
2.080733E+00  5.2302E+03
2.106402E+00  5.0727E+03
2.224304E+00  4.4419E+03
2.377781E+00  3.7871E+03
2.541848E+00  3.2132E+03
2.717235E+00  2.7220E+03
2.904724E+00  2.3034E+03
3.105150E+00  1.9420E+03
3.319406E+00  1.6319E+03
3.548445E+00  1.3728E+03
3.793288E+00  1.1500E+03
4.055024E+00  9.6107E+02
4.334821E+00  8.0187E+02
4.633924E+00  6.6872E+02
4.953664E+00  5.5773E+02
5.295467E+00  4.6566E+02
5.660855E+00  3.8919E+02
6.051453E+00  3.2563E+02
6.469004E+00  2.7262E+02
6.915365E+00  2.2849E+02
7.392525E+00  1.9171E+02
7.902609E+00  1.6096E+02
8.447890E+00  1.3474E+02
9.030794E+00  1.1253E+02
9.653919E+00  9.2865E+01
1.032004E+01  7.6743E+01
1.103212E+01  6.3515E+01
1.179334E+01  5.2647E+01
1.260708E+01  4.3706E+01
1.347697E+01  3.6342E+01
1.440688E+01  3.0268E+01
1.489571E+01  2.7641E+01
1.512370E+01  2.6526E+01
1.518450E+01  2.6238E+01
1.527570E+01  1.8563E+02
1.540095E+01  1.8118E+02
1.550369E+01  1.7763E+02
1.646362E+01  1.4975E+02
1.759961E+01  1.2571E+02
1.881398E+01  1.0604E+02
2.011215E+01  8.9395E+01
2.149988E+01  7.4929E+01
2.298338E+01  6.2730E+01
2.456923E+01  5.2487E+01
2.626450E+01  4.3919E+01
2.807676E+01  3.6642E+01
3.001405E+01  3.0548E+01
3.208502E+01  2.5352E+01
3.429889E+01  2.1028E+01
3.666551E+01  1.7451E+01
3.919543E+01  1.4491E+01
4.189992E+01  1.2040E+01
4.479101E+01  1.0010E+01
4.788159E+01  8.3261E+00
5.118542E+01  6.9326E+00
5.471721E+01  5.7793E+00
5.849270E+01  4.8244E+00
6.252870E+01  4.0337E+00
6.684318E+01  3.3753E+00
7.145536E+01  2.8204E+00
7.638578E+01  2.3628E+00
8.165640E+01  1.9830E+00
8.729069E+01  1.6665E+00
9.331374E+01  1.4058E+00
9.975239E+01  1.1909E+00
1.066353E+02  1.0135E+00
1.139931E+02  8.6699E-01
1.218587E+02  7.4583E-01
1.302669E+02  6.4549E-01
1.392553E+02  5.6227E-01
1.488640E+02  4.9310E-01
1.591356E+02  4.3548E-01
1.701159E+02  3.8737E-01
1.818539E+02  3.4707E-01
1.944018E+02  3.1318E-01
2.078156E+02  2.8460E-01
2.221548E+02  2.6034E-01
2.374835E+02  2.3969E-01
2.538699E+02  2.2197E-01
2.713869E+02  2.0672E-01
2.901126E+02  1.9345E-01
3.101304E+02  1.8184E-01
3.315294E+02  1.7160E-01
3.544049E+02  1.6250E-01
3.788588E+02  1.5433E-01
4.050001E+02  1.4696E-01
4.329451E+02  1.4024E-01