2.080733E+00  1.2797E+04
2.224304E+00  1.0880E+04
2.377781E+00  9.2628E+03
2.541848E+00  7.8953E+03
2.717235E+00  6.7317E+03
2.904724E+00  5.7472E+03
2.943724E+00  5.5692E+03
2.988781E+00  5.3737E+03
3.000796E+00  5.3227E+03
3.018819E+00  1.8255E+04
3.063876E+00  1.7623E+04
3.083178E+00  1.7362E+04
3.105150E+00  1.7071E+04
3.130370E+00  1.6746E+04
3.142954E+00  1.6587E+04
3.161831E+00  2.2515E+04
3.209022E+00  2.1707E+04
3.319406E+00  1.9942E+04
3.343662E+00  1.9570E+04
3.394841E+00  1.8808E+04
3.408488E+00  1.8611E+04
3.428960E+00  2.1082E+04
3.480138E+00  2.0307E+04
3.548445E+00  1.9328E+04
3.793288E+00  1.6292E+04
4.055024E+00  1.3717E+04
4.334821E+00  1.1541E+04
4.633924E+00  9.7066E+03
4.953664E+00  8.1648E+03
5.295467E+00  6.8718E+03
5.660855E+00  5.7867E+03
6.051453E+00  4.8720E+03
6.469004E+00  4.0857E+03
6.915365E+00  3.4244E+03
7.392525E+00  2.8686E+03
7.902609E+00  2.4057E+03
8.447890E+00  2.0198E+03
9.030794E+00  1.6936E+03
9.653919E+00  1.4094E+03
1.032004E+01  1.1733E+03
1.103212E+01  9.7803E+02
1.179334E+01  8.1628E+02
1.260708E+01  6.8178E+02
1.347697E+01  5.6918E+02
1.440688E+01  4.7446E+02
1.540095E+01  3.9488E+02
1.646362E+01  3.2851E+02
1.759961E+01  2.7371E+02
1.881398E+01  2.2837E+02
2.011215E+01  1.9084E+02
2.149988E+01  1.5972E+02
2.275550E+01  1.3744E+02
2.298338E+01  1.3388E+02
2.310380E+01  1.3206E+02
2.319668E+01  1.3067E+02
2.333600E+01  7.9664E+02
2.368430E+01  7.6461E+02
2.456923E+01  6.9159E+02
2.626450E+01  5.8243E+02
2.807676E+01  4.8939E+02
3.001405E+01  4.1027E+02
3.208502E+01  3.4266E+02
3.429889E+01  2.8620E+02
3.666551E+01  2.3916E+02
3.919543E+01  1.9993E+02
4.189992E+01  1.6719E+02
4.479101E+01  1.3991E+02
4.788159E+01  1.1676E+02
5.118542E+01  9.7152E+01
5.471721E+01  8.0899E+01
5.849270E+01  6.7423E+01
6.252870E+01  5.6245E+01
6.684318E+01  4.6970E+01
7.145536E+01  3.9270E+01
7.638578E+01  3.2865E+01
8.165640E+01  2.7512E+01
8.729069E+01  2.3014E+01
9.331374E+01  1.9296E+01
9.975239E+01  1.6219E+01
1.066353E+02  1.3657E+01
1.139931E+02  1.1538E+01
1.218587E+02  9.7832E+00
1.302669E+02  8.3299E+00
1.392553E+02  7.1252E+00
1.488640E+02  6.1252E+00
1.591356E+02  5.2943E+00
1.701159E+02  4.6028E+00
1.818539E+02  4.0263E+00
1.944018E+02  3.5447E+00
2.078156E+02  3.1414E+00
2.221548E+02  2.8028E+00
2.374835E+02  2.5177E+00
2.538699E+02  2.2766E+00
2.713869E+02  2.0722E+00
2.901126E+02  1.8977E+00
3.101304E+02  1.7483E+00
3.315294E+02  1.6194E+00
3.544049E+02  1.5078E+00
3.788588E+02  1.4104E+00
4.050001E+02  1.3247E+00
4.329451E+02  1.2488E+00