2.080733E+00  8.9991E+03
2.224304E+00  7.5828E+03
2.377781E+00  6.3943E+03
2.541848E+00  5.3957E+03
2.717235E+00  4.5323E+03
2.904724E+00  3.8064E+03
3.105150E+00  3.1749E+03
3.319406E+00  2.6222E+03
3.548445E+00  2.1682E+03
3.793288E+00  1.7950E+03
4.055024E+00  1.4877E+03
4.334821E+00  1.2346E+03
4.633924E+00  1.0259E+03
4.953664E+00  8.5352E+02
5.295467E+00  7.1107E+02
5.660855E+00  5.9319E+02
6.051453E+00  4.9551E+02
6.408220E+00  4.2507E+02
6.469004E+00  4.1450E+02
6.506305E+00  4.0820E+02
6.532461E+00  4.0386E+02
6.571695E+00  3.4158E+03
6.669780E+00  3.2710E+03
6.915365E+00  2.9481E+03
7.392525E+00  2.4761E+03
7.902609E+00  2.0903E+03
8.447890E+00  1.7642E+03
9.030794E+00  1.4797E+03
9.653919E+00  1.2354E+03
1.032004E+01  1.0317E+03
1.103212E+01  8.6174E+02
1.179334E+01  7.1993E+02
1.260708E+01  6.0149E+02
1.347697E+01  5.0062E+02
1.440688E+01  4.1474E+02
1.540095E+01  3.4348E+02
1.646362E+01  2.8453E+02
1.759961E+01  2.3578E+02
1.881398E+01  1.9545E+02
2.011215E+01  1.6208E+02
2.149988E+01  1.3447E+02
2.298338E+01  1.1161E+02
2.456923E+01  9.2688E+01
2.626450E+01  7.7023E+01
2.807676E+01  6.3763E+01
3.001405E+01  5.2522E+01
3.208502E+01  4.3280E+01
3.429889E+01  3.5707E+01
3.666551E+01  2.9502E+01
3.919543E+01  2.4414E+01
4.189992E+01  2.0241E+01
4.479101E+01  1.6819E+01
4.788159E+01  1.4011E+01
5.118542E+01  1.1705E+01
5.471721E+01  9.8126E+00
5.849270E+01  8.2558E+00
6.252870E+01  6.9759E+00
6.684318E+01  5.9226E+00
7.145536E+01  5.0551E+00
7.638578E+01  4.3398E+00
8.165640E+01  3.7452E+00
8.729069E+01  3.2471E+00
9.331374E+01  2.8367E+00
9.975239E+01  2.4978E+00
1.066353E+02  2.2175E+00
1.139931E+02  1.9848E+00
1.218587E+02  1.7911E+00
1.302669E+02  1.6292E+00
1.392553E+02  1.4933E+00
1.488640E+02  1.3784E+00
1.591356E+02  1.2810E+00
1.701159E+02  1.1976E+00
1.818539E+02  1.1259E+00
1.944018E+02  1.0637E+00
2.078156E+02  1.0091E+00
2.221548E+02  9.6102E-01
2.374835E+02  9.1806E-01
2.538699E+02  8.7929E-01
2.713869E+02  8.4418E-01
2.901126E+02  8.1191E-01
3.101304E+02  7.8203E-01
3.315294E+02  7.5417E-01
3.544049E+02  7.2797E-01
3.788588E+02  7.0321E-01
4.050001E+02  6.7964E-01
4.329451E+02  6.5711E-01