2.0089931E+00  1.6288E+04
2.0190381E+00  1.6088E+04
2.0291333E+00  1.5891E+04
2.0392790E+00  1.5695E+04
2.0494754E+00  1.5498E+04
2.0597227E+00  1.5302E+04
2.0700213E+00  1.5109E+04
2.0803714E+00  1.4918E+04
2.0907733E+00  1.4729E+04
2.1012272E+00  1.4541E+04
2.1117333E+00  1.4355E+04
2.1222920E+00  1.4171E+04
2.1329034E+00  1.3990E+04
2.1435680E+00  1.3811E+04
2.1542858E+00  1.3635E+04
2.1650572E+00  1.3460E+04
2.1758825E+00  1.3288E+04
2.1867619E+00  1.3118E+04
2.1976957E+00  1.2951E+04
2.2086842E+00  1.2786E+04
2.2197276E+00  1.2622E+04
2.2308263E+00  1.2460E+04
2.2419804E+00  1.2301E+04
2.2531903E+00  1.2145E+04
2.2644562E+00  1.1989E+04
2.2757785E+00  1.1837E+04
2.2871574E+00  1.1685E+04
2.2985932E+00  1.1536E+04
2.3100862E+00  1.1389E+04
2.3216366E+00  1.1243E+04
2.3332448E+00  1.1100E+04
2.3449110E+00  1.0959E+04
2.3566356E+00  1.0819E+04
2.3684187E+00  1.0681E+04
2.3802608E+00  1.0545E+04
2.3921621E+00  1.0410E+04
2.4041230E+00  1.0276E+04
2.4161436E+00  1.0143E+04
2.4282243E+00  1.0013E+04
2.4403654E+00  9.8836E+03
2.4525672E+00  9.7560E+03
2.4648301E+00  9.6305E+03
2.4771542E+00  9.5064E+03
2.4895400E+00  9.3838E+03
2.5019877E+00  9.2633E+03
2.5144976E+00  9.1435E+03
2.5270701E+00  9.0259E+03
2.5397055E+00  8.9104E+03
2.5524040E+00  8.7956E+03
2.5651660E+00  8.6822E+03
2.5779919E+00  8.5703E+03
2.5908818E+00  8.4597E+03
2.6038362E+00  8.3507E+03
2.6168554E+00  8.2430E+03
2.6299397E+00  8.1368E+03
2.6430894E+00  8.0327E+03
2.6563048E+00  7.9293E+03
2.6695863E+00  7.8266E+03
2.6829343E+00  7.7261E+03
2.6963489E+00  7.6270E+03
2.7098307E+00  7.5286E+03
2.7233798E+00  7.4323E+03
2.7369967E+00  7.3368E+03
2.7506817E+00  7.2427E+03
2.7644351E+00  7.1493E+03
2.7782573E+00  7.0578E+03
2.7921486E+00  6.9672E+03
2.8061093E+00  6.8779E+03
2.8201399E+00  6.7897E+03
2.8342406E+00  6.7026E+03
2.8484118E+00  6.6168E+03
2.8626539E+00  6.5320E+03
2.8769671E+00  6.4484E+03
2.8913520E+00  6.3659E+03
2.9058087E+00  6.2845E+03
2.9203378E+00  6.2040E+03
2.9349394E+00  6.1247E+03
2.9496141E+00  6.0465E+03
2.9643622E+00  5.9692E+03
2.9791840E+00  5.8930E+03
2.9940799E+00  5.8178E+03
3.0090503E+00  5.7406E+03
3.0240956E+00  5.6626E+03
3.0392161E+00  5.5858E+03
3.0544122E+00  5.5099E+03
3.0696842E+00  5.4352E+03
3.0850326E+00  5.3615E+03
3.1004578E+00  5.2887E+03
3.1159601E+00  5.2171E+03
3.1315399E+00  5.1464E+03
3.1471976E+00  5.0767E+03
3.1629336E+00  5.0080E+03
3.1787482E+00  4.9402E+03
3.1946420E+00  4.8734E+03
3.2106152E+00  4.8075E+03
3.2266683E+00  4.7426E+03
3.2428016E+00  4.6785E+03
3.2590156E+00  4.6153E+03
3.2753107E+00  4.5530E+03
3.2916873E+00  4.4916E+03
3.3081457E+00  4.4310E+03
3.3246864E+00  4.3713E+03
3.3413099E+00  4.3124E+03
3.3580164E+00  4.2543E+03
3.3748065E+00  4.1970E+03
3.3916805E+00  4.1405E+03
3.4086389E+00  4.0848E+03
3.4256821E+00  4.0299E+03
3.4428105E+00  3.9757E+03
3.4600246E+00  3.9223E+03
3.4773247E+00  3.8696E+03
3.4947113E+00  3.8176E+03
3.5121849E+00  3.7664E+03
3.5297458E+00  3.7159E+03
3.5473945E+00  3.6660E+03
3.5651315E+00  3.6169E+03
3.5829572E+00  3.5685E+03
3.6008719E+00  3.5207E+03
3.6188763E+00  3.4735E+03
3.6369707E+00  3.4271E+03
3.6551555E+00  3.3813E+03
3.6734313E+00  3.3361E+03
3.6917985E+00  3.2914E+03
3.7102575E+00  3.2474E+03
3.7288088E+00  3.2041E+03
3.7474528E+00  3.1613E+03
3.7661901E+00  3.1191E+03
3.7850210E+00  3.0775E+03
3.8039461E+00  3.0365E+03
3.8229659E+00  2.9960E+03
3.8420807E+00  2.9561E+03
3.8612911E+00  2.9167E+03
3.8805975E+00  2.8779E+03
3.9000005E+00  2.8396E+03
3.9195005E+00  2.8018E+03
3.9390980E+00  2.7646E+03
3.9587935E+00  2.7279E+03
3.9785875E+00  2.6916E+03
3.9984804E+00  2.6559E+03
4.0184728E+00  2.6206E+03
4.0385652E+00  2.5859E+03
4.0587580E+00  2.5516E+03
4.0790518E+00  2.5178E+03
4.0994471E+00  2.4844E+03
4.1199443E+00  2.4516E+03
4.1405440E+00  2.4191E+03
4.1612467E+00  2.3871E+03
4.1820530E+00  2.3555E+03
4.2029632E+00  2.3245E+03
4.2239781E+00  2.2937E+03
4.2450980E+00  2.2635E+03
4.2663234E+00  2.2336E+03
4.2876551E+00  2.2041E+03
4.3090933E+00  2.1751E+03
4.3306388E+00  2.1464E+03
4.3522920E+00  2.1181E+03
4.3740535E+00  2.0902E+03
4.3959237E+00  2.0628E+03
4.4179033E+00  2.0356E+03
4.4399929E+00  2.0082E+03
4.4621928E+00  1.9811E+03
4.4845038E+00  1.9544E+03
4.5069263E+00  1.9281E+03
4.5294609E+00  1.9020E+03
4.5521082E+00  1.8760E+03
4.5748688E+00  1.8504E+03
4.5977431E+00  1.8253E+03
4.6207318E+00  1.8005E+03
4.6438355E+00  1.7759E+03
4.6670547E+00  1.7518E+03
4.6903900E+00  1.7280E+03
4.7138419E+00  1.7046E+03
4.7374111E+00  1.6815E+03
4.7610982E+00  1.6587E+03
4.7849037E+00  1.6362E+03
4.8088282E+00  1.6141E+03
4.8328723E+00  1.5922E+03
4.8570367E+00  1.5707E+03
4.8813219E+00  1.5495E+03
4.9057285E+00  1.5285E+03
4.9302571E+00  1.5079E+03
4.9549084E+00  1.4876E+03
4.9796829E+00  1.4676E+03
5.0045814E+00  1.4478E+03
5.0296043E+00  1.4283E+03
5.0547523E+00  1.4091E+03
5.0800260E+00  1.3901E+03
5.1054262E+00  1.3715E+03
5.1309533E+00  1.3531E+03
5.1566081E+00  1.3349E+03
5.1823911E+00  1.3168E+03
5.2083031E+00  1.2987E+03
5.2343446E+00  1.2808E+03
5.2605163E+00  1.2632E+03
5.2868189E+00  1.2458E+03
5.3132530E+00  1.2286E+03
5.3398192E+00  1.2117E+03
5.3665183E+00  1.1951E+03
5.3933509E+00  1.1786E+03
5.4203177E+00  1.1624E+03
5.4474193E+00  1.1465E+03
5.4746564E+00  1.1307E+03
5.5020297E+00  1.1153E+03
5.5295398E+00  1.0999E+03
5.5571875E+00  1.0849E+03
5.5849734E+00  1.0700E+03
5.6128983E+00  1.0554E+03
5.6409628E+00  1.0410E+03
5.6691676E+00  1.0267E+03
5.6975135E+00  1.0127E+03
5.7260010E+00  9.9884E+02
5.7546310E+00  9.8522E+02
5.7834042E+00  9.7175E+02
5.8123212E+00  9.5856E+02
5.8413828E+00  9.4544E+02
5.8705897E+00  9.3260E+02
5.8999427E+00  9.1991E+02
5.9294424E+00  9.0736E+02
5.9590896E+00  8.9503E+02
5.9888850E+00  8.8284E+02
6.0188295E+00  8.7086E+02
6.0489236E+00  8.5902E+02
6.0791682E+00  8.4733E+02
6.1095641E+00  8.3585E+02
6.1401119E+00  8.2451E+02
6.1708125E+00  8.1332E+02
6.2016665E+00  8.0234E+02
6.2326749E+00  7.9143E+02
6.2638382E+00  7.8074E+02
6.2951574E+00  7.7018E+02
6.3266332E+00  7.5977E+02
6.3582664E+00  7.4951E+02
6.3900577E+00  7.3938E+02
6.4220080E+00  7.2940E+02
6.4541180E+00  7.1956E+02
6.4863886E+00  7.0985E+02
6.5188206E+00  7.0028E+02
6.5514147E+00  6.9084E+02
6.5841717E+00  6.8154E+02
6.915365E+00  5.9707E+02
7.392525E+00  4.9894E+02
7.902609E+00  4.1749E+02
8.447890E+00  3.4982E+02
9.030794E+00  2.9242E+02
9.465428E+00  2.5554E+02
9.610307E+00  2.4469E+02
9.653919E+00  2.4155E+02
9.706893E+00  1.8339E+03
9.851772E+00  1.7543E+03
1.032004E+01  1.5332E+03
1.103212E+01  1.2841E+03
1.179334E+01  1.0823E+03
1.260708E+01  9.1392E+02
1.347697E+01  7.6590E+02
1.440688E+01  6.4087E+02
1.540095E+01  5.3551E+02
1.646362E+01  4.4706E+02
1.759961E+01  3.7308E+02
1.881398E+01  3.1138E+02
2.011215E+01  2.5928E+02
2.149988E+01  2.1559E+02
2.298338E+01  1.7930E+02
2.456923E+01  1.4916E+02
2.626450E+01  1.2410E+02
2.807676E+01  1.0281E+02
3.001405E+01  8.5089E+01
3.208502E+01  7.0471E+01
3.429889E+01  5.8410E+01
3.666551E+01  4.8454E+01
3.919543E+01  4.0235E+01
4.189992E+01  3.3445E+01
4.479101E+01  2.7689E+01
4.788159E+01  2.2961E+01
5.118542E+01  1.9076E+01
5.471721E+01  1.5881E+01
5.849270E+01  1.3253E+01
6.252870E+01  1.1091E+01
6.684318E+01  9.3104E+00
7.145536E+01  7.8437E+00
7.638578E+01  6.6352E+00
8.165640E+01  5.6328E+00
8.729069E+01  4.7964E+00
9.331374E+01  4.1080E+00
9.975239E+01  3.5405E+00
1.066353E+02  3.0721E+00
1.139931E+02  2.6848E+00
1.218587E+02  2.3639E+00
1.302669E+02  2.0972E+00
1.392553E+02  1.8752E+00
1.488640E+02  1.6895E+00
1.591356E+02  1.5337E+00
1.701159E+02  1.4024E+00
1.818539E+02  1.2912E+00
1.944018E+02  1.1964E+00
2.078156E+02  1.1151E+00
2.221548E+02  1.0449E+00
2.374835E+02  9.8387E-01
2.538699E+02  9.3018E-01
2.713869E+02  8.8277E-01
2.901126E+02  8.4041E-01
3.101304E+02  8.0220E-01
3.315294E+02  7.6747E-01
3.544049E+02  7.3567E-01
3.788588E+02  7.0624E-01
4.050001E+02  6.7885E-01
4.329451E+02  6.5315E-01