2.080733E+00  9.8378E+03
2.224304E+00  8.3773E+03
2.377781E+00  7.1440E+03
2.541848E+00  6.1028E+03
2.717235E+00  5.2139E+03
2.904724E+00  4.4412E+03
3.105150E+00  3.7387E+03
3.319406E+00  3.1176E+03
3.548445E+00  2.6013E+03
3.655498E+00  2.4012E+03
3.711449E+00  2.3053E+03
3.726370E+00  2.2806E+03
3.748750E+00  7.7683E+03
3.793288E+00  7.4949E+03
3.804702E+00  7.4262E+03
3.859240E+00  7.1132E+03
3.918310E+00  6.7950E+03
3.934062E+00  6.7182E+03
3.957690E+00  9.1996E+03
4.016760E+00  8.8166E+03
4.055024E+00  8.5812E+03
4.152750E+00  8.0256E+03
4.216313E+00  7.7004E+03
4.233263E+00  7.6178E+03
4.258688E+00  8.6572E+03
4.322250E+00  8.3371E+03
4.334821E+00  8.2757E+03
4.633924E+00  7.0072E+03
4.953664E+00  5.9399E+03
5.295467E+00  5.0139E+03
5.660855E+00  4.2223E+03
6.051453E+00  3.5508E+03
6.469004E+00  2.9860E+03
6.915365E+00  2.5119E+03
7.392525E+00  2.1149E+03
7.902609E+00  1.7783E+03
8.447890E+00  1.4946E+03
9.030794E+00  1.2523E+03
9.653919E+00  1.0412E+03
1.032004E+01  8.6660E+02
1.103212E+01  7.2213E+02
1.179334E+01  6.0248E+02
1.260708E+01  5.0319E+02
1.347697E+01  4.2046E+02
1.440688E+01  3.5169E+02
1.540095E+01  2.9456E+02
1.646362E+01  2.4668E+02
1.759961E+01  2.0622E+02
1.881398E+01  1.7222E+02
2.011215E+01  1.4360E+02
2.149988E+01  1.1991E+02
2.298338E+01  1.0027E+02
2.456923E+01  8.3985E+01
2.626450E+01  7.0454E+01
2.738110E+01  6.2880E+01
2.780020E+01  6.0264E+01
2.791196E+01  5.9593E+01
2.807676E+01  3.4461E+02
2.807960E+01  3.4451E+02
2.849870E+01  3.3119E+02
3.001405E+01  2.8868E+02
3.208502E+01  2.4218E+02
3.429889E+01  2.0331E+02
3.666551E+01  1.7063E+02
3.919543E+01  1.4274E+02
4.189992E+01  1.1939E+02
4.479101E+01  9.9855E+01
4.788159E+01  8.3524E+01
5.118542E+01  6.9874E+01
5.471721E+01  5.8481E+01
5.849270E+01  4.8821E+01
6.252870E+01  4.0728E+01
6.684318E+01  3.4008E+01
7.145536E+01  2.8426E+01
7.638578E+01  2.3787E+01
8.165640E+01  1.9904E+01
8.729069E+01  1.6627E+01
9.331374E+01  1.3915E+01
9.975239E+01  1.1670E+01
1.066353E+02  9.8100E+00
1.139931E+02  8.2691E+00
1.218587E+02  6.9914E+00
1.302669E+02  5.9283E+00
1.392553E+02  5.0462E+00
1.488640E+02  4.3137E+00
1.591356E+02  3.7046E+00
1.701159E+02  3.1977E+00
1.818539E+02  2.7752E+00
1.944018E+02  2.4224E+00
2.078156E+02  2.1274E+00
2.221548E+02  1.8801E+00
2.374835E+02  1.6723E+00
2.538699E+02  1.4971E+00
2.713869E+02  1.3489E+00
2.901126E+02  1.2231E+00
3.101304E+02  1.1159E+00
3.315294E+02  1.0241E+00
3.544049E+02  9.4489E-01
3.788588E+02  8.7632E-01
4.050001E+02  8.1653E-01
4.329451E+02  7.6404E-01