2.080733E+00  7.0562E+03
2.224304E+00  6.0256E+03
2.377781E+00  5.1414E+03
2.541848E+00  4.3903E+03
2.717235E+00  3.7518E+03
2.904724E+00  3.2101E+03
3.105150E+00  2.7273E+03
3.319406E+00  2.2893E+03
3.548445E+00  1.9218E+03
3.793288E+00  1.6158E+03
4.055024E+00  1.3613E+03
4.334821E+00  1.1493E+03
4.633924E+00  9.7185E+02
4.953664E+00  8.1906E+02
5.142060E+00  7.4366E+02
5.220765E+00  7.1509E+02
5.241753E+00  7.0776E+02
5.273235E+00  2.1773E+03
5.295467E+00  2.1485E+03
5.351940E+00  2.0777E+03
5.511128E+00  1.8949E+03
5.595482E+00  1.8145E+03
5.617976E+00  1.7941E+03
5.651718E+00  2.4532E+03
5.660855E+00  2.4415E+03
5.736072E+00  2.3487E+03
5.869024E+00  2.1977E+03
5.958856E+00  2.1063E+03
5.982811E+00  2.0834E+03
6.018744E+00  2.3703E+03
6.051453E+00  2.3377E+03
6.108576E+00  2.2827E+03
6.469004E+00  1.9786E+03
6.915365E+00  1.6777E+03
7.392525E+00  1.4174E+03
7.902609E+00  1.1944E+03
8.447890E+00  1.0059E+03
9.030794E+00  8.4623E+02
9.653919E+00  7.0793E+02
1.032004E+01  5.9287E+02
1.103212E+01  4.9558E+02
1.179334E+01  4.1365E+02
1.260708E+01  3.4453E+02
1.347697E+01  2.8704E+02
1.440688E+01  2.3942E+02
1.540095E+01  1.9989E+02
1.646362E+01  1.6707E+02
1.759961E+01  1.3981E+02
1.881398E+01  1.1714E+02
2.011215E+01  9.8269E+01
2.149988E+01  8.2545E+01
2.298338E+01  6.9386E+01
2.456923E+01  5.8238E+01
2.626450E+01  4.8859E+01
2.807676E+01  4.0604E+01
3.001405E+01  3.3697E+01
3.208502E+01  2.8013E+01
3.429889E+01  2.3330E+01
3.666551E+01  1.9466E+01
3.669179E+01  1.9429E+01
3.725340E+01  1.8649E+01
3.740316E+01  1.8449E+01
3.762780E+01  1.0031E+02
3.818941E+01  9.6564E+01
3.919543E+01  9.0326E+01
4.189992E+01  7.5946E+01
4.479101E+01  6.3805E+01
4.788159E+01  5.3594E+01
5.118542E+01  4.4921E+01
5.471721E+01  3.7631E+01
5.849270E+01  3.1528E+01
6.252870E+01  2.6425E+01
6.684318E+01  2.2157E+01
7.145536E+01  1.8589E+01
7.638578E+01  1.5594E+01
8.165640E+01  1.3048E+01
8.729069E+01  1.0895E+01
9.331374E+01  9.1099E+00
9.975239E+01  7.6286E+00
1.066353E+02  6.3991E+00
1.139931E+02  5.3784E+00
1.218587E+02  4.5307E+00
1.302669E+02  3.8259E+00
1.392553E+02  3.2398E+00
1.488640E+02  2.7522E+00
1.591356E+02  2.3462E+00
1.701159E+02  2.0090E+00
1.818539E+02  1.7279E+00
1.944018E+02  1.4930E+00
2.078156E+02  1.2963E+00
2.221548E+02  1.1314E+00
2.374835E+02  9.9287E-01
2.538699E+02  8.7634E-01
2.713869E+02  7.7803E-01
2.901126E+02  6.9484E-01
3.101304E+02  6.2429E-01
3.315294E+02  5.6423E-01
3.544049E+02  5.1288E-01
3.788588E+02  4.6880E-01
4.050001E+02  4.3075E-01
4.329451E+02  3.9775E-01