2.080733E+00  7.8479E+03
2.224304E+00  6.6197E+03
2.377781E+00  5.5696E+03
2.541848E+00  4.6713E+03
2.717235E+00  3.9227E+03
2.904724E+00  3.2896E+03
3.105150E+00  2.7346E+03
3.319406E+00  2.2575E+03
3.548445E+00  1.8660E+03
3.793288E+00  1.5442E+03
4.055024E+00  1.2795E+03
4.334821E+00  1.0616E+03
4.633924E+00  8.8185E+02
4.953664E+00  7.3360E+02
5.295467E+00  6.1106E+02
5.660855E+00  5.0968E+02
5.869416E+00  4.6220E+02
5.959254E+00  4.4367E+02
5.983211E+00  4.3890E+02
6.019146E+00  3.8001E+03
6.051453E+00  3.7423E+03
6.108984E+00  3.6420E+03
6.469004E+00  3.1086E+03
6.915365E+00  2.6154E+03
7.392525E+00  2.2075E+03
7.902609E+00  1.8611E+03
8.447890E+00  1.5617E+03
9.030794E+00  1.3082E+03
9.653919E+00  1.0916E+03
1.032004E+01  9.1104E+02
1.103212E+01  7.6041E+02
1.179334E+01  6.3475E+02
1.260708E+01  5.2656E+02
1.347697E+01  4.3591E+02
1.440688E+01  3.6084E+02
1.540095E+01  2.9878E+02
1.646362E+01  2.4748E+02
1.759961E+01  2.0505E+02
1.881398E+01  1.6996E+02
2.011215E+01  1.4093E+02
2.149988E+01  1.1692E+02
2.298338E+01  9.7043E+01
2.456923E+01  8.0600E+01
2.626450E+01  6.6927E+01
2.807676E+01  5.5130E+01
3.001405E+01  4.5388E+01
3.208502E+01  3.7411E+01
3.429889E+01  3.0878E+01
3.666551E+01  2.5524E+01
3.919543E+01  2.1136E+01
4.189992E+01  1.7541E+01
4.479101E+01  1.4592E+01
4.788159E+01  1.2173E+01
5.118542E+01  1.0187E+01
5.471721E+01  8.5561E+00
5.849270E+01  7.2166E+00
6.252870E+01  6.1146E+00
6.684318E+01  5.2076E+00
7.145536E+01  4.4605E+00
7.638578E+01  3.8442E+00
8.165640E+01  3.3316E+00
8.729069E+01  2.9018E+00
9.331374E+01  2.5475E+00
9.975239E+01  2.2547E+00
1.066353E+02  2.0120E+00
1.139931E+02  1.8104E+00
1.218587E+02  1.6422E+00
1.302669E+02  1.5012E+00
1.392553E+02  1.3826E+00
1.488640E+02  1.2820E+00
1.591356E+02  1.1964E+00
1.701159E+02  1.1229E+00
1.818539E+02  1.0594E+00
1.944018E+02  1.0040E+00
2.078156E+02  9.5526E-01
2.221548E+02  9.1198E-01
2.374835E+02  8.7323E-01
2.538699E+02  8.3814E-01
2.713869E+02  8.0614E-01
2.901126E+02  7.7666E-01
3.101304E+02  7.4927E-01
3.315294E+02  7.2367E-01
3.544049E+02  6.9959E-01
3.788588E+02  6.7673E-01
4.050001E+02  6.5496E-01
4.329451E+02  6.3411E-01