   200.000  0.171352
   400.000  0.307404
   600.000  0.668907
   800.000  1.23159
   1000.00  2.04673
   1200.00  3.12638
   1400.00  4.51832
   1600.00  6.32763
   1800.00  8.64852
   2000.00  1.94961
   2200.00  2.15000
   2400.00  2.64713
   2600.00  3.22235
   2800.00  3.88070
   3000.00  4.62702
   3200.00  5.46622
   3400.00  6.40332
   3600.00  7.44324
   3800.00  8.59079
   4000.00  9.85072
   4200.00  11.2280
   4400.00  12.7269
   4600.00  14.3526
   4800.00  16.1093
   5000.00  18.0018
   5200.00  20.0345
   5400.00  22.2115
   5600.00  24.5377
   5800.00  27.0171
   6000.00  29.6542
   6200.00  32.4528
   6400.00  35.4166
   6600.00  38.5502
   6800.00  41.8583
   7000.00  45.3444
   7200.00  49.0113
   7400.00  52.8652
   7600.00  56.9061
   7800.00  61.1404
   8000.00  65.5716
   8200.00  70.2038
   8400.00  75.0387
   8600.00  80.0819
   8800.00  85.3346
   9000.00  90.8024
   9200.00  96.4857
   9400.00  102.391
   9600.00  108.520
   9800.00  114.875
   10000.0  121.462
   10200.0  128.280
   10400.0  135.335
   10600.0  142.628
   10800.0  150.164
   11000.0  157.943
   11200.0  165.971
   11400.0  174.249
   11600.0  182.779
   11800.0  191.564
   12000.0  200.608
   12200.0  209.910
   12400.0  219.477
   12600.0  229.308
   12800.0  239.407
   13000.0  249.772
   13200.0  260.414
   13400.0  271.327
   13600.0  282.518
   13800.0  293.985
   14000.0  305.733
   14200.0  317.764
   14400.0  330.078
   14600.0  342.680
   14800.0  355.565
   15000.0  368.742
   15200.0  54.6389
   15400.0  56.4599
   15600.0  58.3198
   15800.0  60.2224
   16000.0  62.1698
   16200.0  64.1611
   16400.0  66.1966
   16600.0  68.2769
   16800.0  70.4033
   17000.0  72.5762
   17200.0  74.7950
   17400.0  77.0599
   17600.0  79.3733
   17800.0  81.7348
   18000.0  84.1435
   18200.0  86.6013
   18400.0  89.1094
   18600.0  91.6660
   18800.0  94.2732
   19000.0  96.9319
   19200.0  99.6404
   19400.0  102.401
   19600.0  105.214
   19800.0  108.078
   20000.0  110.997
   20200.0  113.970
   20400.0  116.994
   20600.0  120.076
   20800.0  123.211
   21000.0  126.402
   21200.0  129.649
   21400.0  132.950
   21600.0  136.311
   21800.0  139.726
   22000.0  143.201
   22200.0  146.734
   22400.0  150.325
   22600.0  153.976
   22800.0  157.684
   23000.0  161.455
   23200.0  165.284
   23400.0  169.176
   23600.0  173.127
   23800.0  177.143
   24000.0  181.218
   24200.0  185.359
   24400.0  189.561
   24600.0  193.828
   24800.0  198.157
   25000.0  202.552
   25200.0  207.011
   25400.0  211.538
   25600.0  216.128
   25800.0  220.787
   26000.0  225.510
   26200.0  230.304
   26400.0  235.162
   26600.0  240.091
   26800.0  245.085
   27000.0  250.152
   27200.0  255.285
   27400.0  260.492
   27600.0  265.767
   27800.0  271.113
   28000.0  276.531
   28200.0  282.019
   28400.0  287.581
   28600.0  293.212
   28800.0  298.922
   29000.0  304.702
   29200.0  310.558
   29400.0  316.486
   29600.0  322.488
   29800.0  328.567
   30000.0  334.718