   200.000  0.237390
   400.000  0.282617
   600.000  9.196381E-02
   800.000  0.114462
   1000.00  0.173279
   1200.00  0.263171
   1400.00  0.375576
   1600.00  0.511160
   1800.00  0.672220
   2000.00  0.862400
   2200.00  1.08355
   2400.00  1.33911
   2600.00  1.63113
   2800.00  1.96249
   3000.00  2.33638
   3200.00  2.75622
   3400.00  3.22586
   3600.00  3.74952
   3800.00  1.36633
   4000.00  1.13373
   4200.00  1.28658
   4400.00  1.25432
   4600.00  1.40136
   4800.00  1.55993
   5000.00  1.73034
   5200.00  1.91298
   5400.00  2.10826
   5600.00  2.31652
   5800.00  2.53815
   6000.00  2.77351
   6200.00  3.02298
   6400.00  3.28688
   6600.00  3.56563
   6800.00  3.85957
   7000.00  4.16908
   7200.00  4.49453
   7400.00  4.83610
   7600.00  5.19440
   7800.00  5.56959
   8000.00  5.96213
   8200.00  6.37222
   8400.00  6.80056
   8600.00  7.24691
   8800.00  7.71228
   9000.00  8.19646
   9200.00  8.69980
   9400.00  9.22286
   9600.00  9.76635
   9800.00  10.3297
   10000.0  10.9133
   10200.0  11.5184
   10400.0  12.1448
   10600.0  12.7928
   10800.0  13.4627
   11000.0  14.1548
   11200.0  14.8696
   11400.0  15.6073
   11600.0  16.3682
   11800.0  17.1525
   12000.0  17.9607
   12200.0  18.7927
   12400.0  19.6495
   12600.0  20.5309
   12800.0  21.4373
   13000.0  22.3688
   13200.0  23.3263
   13400.0  24.3096
   13600.0  25.3192
   13800.0  26.3552
   14000.0  27.4180
   14200.0  28.5080
   14400.0  29.6253
   14600.0  30.7704
   14800.0  31.9431
   15000.0  33.1444
   15200.0  34.3744
   15400.0  35.6333
   15600.0  36.9213
   15800.0  38.2388
   16000.0  39.5858
   16200.0  40.9627
   16400.0  42.3700
   16600.0  43.8079
   16800.0  45.2765
   17000.0  46.7766
   17200.0  48.3080
   17400.0  49.8708
   17600.0  51.4654
   17800.0  53.0926
   18000.0  54.7522
   18200.0  56.4445
   18400.0  58.1699
   18600.0  59.9285
   18800.0  61.7209
   19000.0  63.5471
   19200.0  65.4074
   19400.0  67.3023
   19600.0  69.2313
   19800.0  71.1951
   20000.0  73.1945
   20200.0  75.2298
   20400.0  77.3007
   20600.0  79.4081
   20800.0  81.5515
   21000.0  83.7315
   21200.0  85.9481
   21400.0  88.2018
   21600.0  90.4929
   21800.0  92.8213
   22000.0  95.1880
   22200.0  97.5929
   22400.0  100.036
   22600.0  102.518
   22800.0  105.038
   23000.0  107.598
   23200.0  110.197
   23400.0  112.836
   23600.0  115.515
   23800.0  118.234
   24000.0  120.993
   24200.0  123.794
   24400.0  126.635
   24600.0  129.517
   24800.0  132.441
   25000.0  135.406
   25200.0  138.413
   25400.0  141.463
   25600.0  144.555
   25800.0  147.689
   26000.0  150.867
   26200.0  154.088
   26400.0  157.353
   26600.0  160.661
   26800.0  164.012
   27000.0  167.409
   27200.0  170.848
   27400.0  174.334
   27600.0  177.863
   27800.0  181.437
   28000.0  29.7689
   28200.0  30.3143
   28400.0  30.8657
   28600.0  31.4231
   28800.0  31.9887
   29000.0  32.5604
   29200.0  33.1398
   29400.0  33.7259
   29600.0  34.3190
   29800.0  34.9197
   30000.0  35.5267