   200.000  0.125547
   400.000  4.662989E-02
   600.000  4.844225E-02
   800.000  7.768490E-02
   1000.00  0.124602
   1200.00  0.189364
   1400.00  0.270298
   1600.00  0.368129
   1800.00  0.485083
   2000.00  0.624656
   2200.00  0.789175
   2400.00  0.982917
   2600.00  1.20889
   2800.00  1.47144
   3000.00  1.77575
   3200.00  0.620714
   3400.00  0.524913
   3600.00  0.605742
   3800.00  0.609173
   4000.00  0.688253
   4200.00  0.774693
   4400.00  0.868689
   4600.00  0.970548
   4800.00  1.08060
   5000.00  1.19906
   5200.00  1.32624
   5400.00  1.46243
   5600.00  1.60790
   5800.00  1.76296
   6000.00  1.92784
   6200.00  2.10287
   6400.00  2.28829
   6600.00  2.48443
   6800.00  2.69148
   7000.00  2.90981
   7200.00  3.13963
   7400.00  3.38129
   7600.00  3.63497
   7800.00  3.90086
   8000.00  4.17949
   8200.00  4.47089
   8400.00  4.77540
   8600.00  5.09320
   8800.00  5.42474
   9000.00  5.77028
   9200.00  6.12961
   9400.00  6.50343
   9600.00  6.89209
   9800.00  7.29535
   10000.0  7.71378
   10200.0  8.14756
   10400.0  8.59694
   10600.0  9.06213
   10800.0  9.54339
   11000.0  10.0409
   11200.0  10.5549
   11400.0  11.0857
   11600.0  11.6335
   11800.0  12.1983
   12000.0  12.7806
   12200.0  13.3804
   12400.0  13.9981
   12600.0  14.6338
   12800.0  15.2876
   13000.0  15.9598
   13200.0  16.6508
   13400.0  17.3605
   13600.0  18.0893
   13800.0  18.8372
   14000.0  19.6045
   14200.0  20.3914
   14400.0  21.1981
   14600.0  22.0247
   14800.0  22.8712
   15000.0  23.7382
   15200.0  24.6256
   15400.0  25.5338
   15600.0  26.4628
   15800.0  27.4129
   16000.0  28.3837
   16200.0  29.3760
   16400.0  30.3897
   16600.0  31.4250
   16800.0  32.4820
   17000.0  33.5609
   17200.0  34.6619
   17400.0  35.7851
   17600.0  36.9300
   17800.0  38.0978
   18000.0  39.2882
   18200.0  40.5011
   18400.0  41.7367
   18600.0  42.9954
   18800.0  44.2772
   19000.0  45.5820
   19200.0  46.9101
   19400.0  48.2617
   19600.0  49.6363
   19800.0  51.0348
   20000.0  52.4568
   20200.0  53.9029
   20400.0  55.3730
   20600.0  56.8669
   20800.0  58.3851
   21000.0  59.9273
   21200.0  61.4935
   21400.0  63.0844
   21600.0  64.6990
   21800.0  66.3385
   22000.0  68.0023
   22200.0  69.6911
   22400.0  71.4043
   22600.0  73.1421
   22800.0  74.9049
   23000.0  76.6920
   23200.0  78.5048
   23400.0  80.3414
   23600.0  82.2039
   23800.0  84.0906
   24000.0  86.0036
   24200.0  87.9433
   24400.0  14.2354
   24600.0  14.5318
   24800.0  14.8322
   25000.0  15.1372
   25200.0  15.4464
   25400.0  15.7602
   25600.0  16.0782
   25800.0  16.4009
   26000.0  16.7277
   26200.0  17.0595
   26400.0  17.3954
   26600.0  17.7363
   26800.0  18.0813
   27000.0  18.4314
   27200.0  18.7857
   27400.0  19.1451
   27600.0  19.5090
   27800.0  19.8777
   28000.0  20.2512
   28200.0  20.6293
   28400.0  21.0125
   28600.0  21.4001
   28800.0  21.7932
   29000.0  22.1907
   29200.0  22.5935
   29400.0  23.0010
   29600.0  23.4135
   29800.0  23.8313
   30000.0  24.2536