   200.000  3.532363E-02
   400.000  5.793668E-02
   600.000  8.665602E-02
   800.000  0.138454
   1000.00  0.209210
   1200.00  0.303105
   1400.00  0.415847
   1600.00  0.554277
   1800.00  0.152975
   2000.00  0.198230
   2200.00  0.216394
   2400.00  0.252029
   2600.00  0.307071
   2800.00  0.350322
   3000.00  0.415726
   3200.00  0.487696
   3400.00  0.566374
   3600.00  0.651970
   3800.00  0.744620
   4000.00  0.844577
   4200.00  0.952032
   4400.00  1.06722
   4600.00  1.19037
   4800.00  1.32176
   5000.00  1.46163
   5200.00  1.61025
   5400.00  1.76790
   5600.00  1.93486
   5800.00  2.11142
   6000.00  2.29786
   6200.00  2.49454
   6400.00  2.70174
   6600.00  2.91989
   6800.00  3.14918
   7000.00  3.39008
   7200.00  3.64296
   7400.00  3.90821
   7600.00  4.18617
   7800.00  4.47723
   8000.00  4.78230
   8200.00  5.10120
   8400.00  5.43489
   8600.00  5.78361
   8800.00  6.14805
   9000.00  6.52842
   9200.00  6.92585
   9400.00  7.34084
   9600.00  2.85129
   9800.00  3.02246
   10000.0  3.20018
   10200.0  3.38447
   10400.0  3.57550
   10600.0  3.77335
   10800.0  2.84359
   11000.0  2.99502
   11200.0  3.15157
   11400.0  2.85556
   11600.0  2.98378
   11800.0  3.11586
   12000.0  3.25186
   12200.0  3.39177
   12400.0  3.53575
   12600.0  3.68375
   12800.0  3.83585
   13000.0  3.99207
   13200.0  4.15255
   13400.0  4.31725
   13600.0  4.48627
   13800.0  4.65961
   14000.0  4.83734
   14200.0  5.01951
   14400.0  5.20616
   14600.0  5.39735
   14800.0  5.59307
   15000.0  5.79351
   15200.0  5.99861
   15400.0  6.20843
   15600.0  6.42301
   15800.0  6.64240
   16000.0  6.86667
   16200.0  7.09583
   16400.0  7.32994
   16600.0  7.56906
   16800.0  7.81323
   17000.0  8.06254
   17200.0  8.31695
   17400.0  8.57653
   17600.0  8.84131
   17800.0  9.11142
   18000.0  9.38682
   18200.0  9.66756
   18400.0  9.95375
   18600.0  10.2454
   18800.0  10.5425
   19000.0  10.8452
   19200.0  11.1534
   19400.0  11.4673
   19600.0  11.7868
   19800.0  12.1120
   20000.0  12.4430
   20200.0  12.7798
   20400.0  13.1224
   20600.0  13.4710
   20800.0  13.8255
   21000.0  14.1859
   21200.0  14.5524
   21400.0  14.9249
   21600.0  15.3035
   21800.0  15.6881
   22000.0  16.0791
   22200.0  16.4762
   22400.0  16.8796
   22600.0  17.2893
   22800.0  17.7053
   23000.0  18.1277
   23200.0  18.5565
   23400.0  18.9918
   23600.0  19.4336
   23800.0  19.8820
   24000.0  20.3369
   24200.0  20.7985
   24400.0  21.2667
   24600.0  21.7416
   24800.0  22.2232
   25000.0  22.7116
   25200.0  23.2068
   25400.0  23.7090
   25600.0  24.2180
   25800.0  24.7339
   26000.0  25.2568
   26200.0  25.7869
   26400.0  26.3239
   26600.0  26.8680
   26800.0  27.4192
   27000.0  27.9776
   27200.0  28.5431
   27400.0  29.1159
   27600.0  29.6959
   27800.0  30.2834
   28000.0  30.8782
   28200.0  31.4803
   28400.0  32.0899
   28600.0  32.7068
   28800.0  33.3315
   29000.0  33.9636
   29200.0  34.6033
   29400.0  35.2505
   29600.0  35.9054
   29800.0  36.5680
   30000.0  37.2382