   200.000  2.999532E-02
   400.000  0.102616
   600.000  0.238539
   800.000  0.452714
   1000.00  0.104012
   1200.00  0.148714
   1400.00  0.210916
   1600.00  0.294494
   1800.00  0.396377
   2000.00  0.519316
   2200.00  0.664717
   2400.00  0.834733
   2600.00  1.03065
   2800.00  1.25404
   3000.00  1.50647
   3200.00  1.78945
   3400.00  2.10452
   3600.00  2.45319
   3800.00  2.83698
   4000.00  3.25744
   4200.00  3.71613
   4400.00  4.21448
   4600.00  4.75424
   4800.00  5.33677
   5000.00  5.96387
   5200.00  6.63696
   5400.00  7.35794
   5600.00  8.12862
   5800.00  8.95030
   6000.00  9.82526
   6200.00  10.7546
   6400.00  11.7411
   6600.00  12.7862
   6800.00  13.8918
   7000.00  15.0601
   7200.00  16.2932
   7400.00  17.5933
   7600.00  18.9627
   7800.00  20.4031
   8000.00  21.9179
   8200.00  23.5089
   8400.00  25.1790
   8600.00  26.9306
   8800.00  28.7667
   9000.00  3.94920
   9200.00  4.16873
   9400.00  4.39677
   9600.00  4.63367
   9800.00  4.87975
   10000.0  5.13492
   10200.0  5.39963
   10400.0  5.67387
   10600.0  5.95795
   10800.0  6.25194
   11000.0  6.55595
   11200.0  6.87020
   11400.0  7.19487
   11600.0  7.53004
   11800.0  7.87591
   12000.0  8.23272
   12200.0  8.60052
   12400.0  8.97966
   12600.0  9.37012
   12800.0  9.77216
   13000.0  10.1858
   13200.0  10.6116
   13400.0  11.0493
   13600.0  11.4992
   13800.0  11.9616
   14000.0  12.4364
   14200.0  12.9240
   14400.0  13.4245
   14600.0  13.9381
   14800.0  14.4647
   15000.0  15.0049
   15200.0  15.5588
   15400.0  16.1263
   15600.0  16.7077
   15800.0  17.3032
   16000.0  17.9129
   16200.0  18.5371
   16400.0  19.1758
   16600.0  19.8292
   16800.0  20.4975
   17000.0  21.1810
   17200.0  21.8797
   17400.0  22.5936
   17600.0  23.3232
   17800.0  24.0686
   18000.0  24.8298
   18200.0  25.6072
   18400.0  26.4008
   18600.0  27.2106
   18800.0  28.0370
   19000.0  28.8804
   19200.0  29.7405
   19400.0  30.6178
   19600.0  31.5121
   19800.0  32.4235
   20000.0  33.3530
   20200.0  34.3002
   20400.0  35.2650
   20600.0  36.2484
   20800.0  37.2496
   21000.0  38.2693
   21200.0  39.3075
   21400.0  40.3642
   21600.0  41.4400
   21800.0  42.5344
   22000.0  43.6485
   22200.0  44.7817
   22400.0  45.9344
   22600.0  47.1069
   22800.0  48.2989
   23000.0  49.5112
   23200.0  50.7432
   23400.0  51.9960
   23600.0  53.2687
   23800.0  54.5626
   24000.0  55.8767
   24200.0  57.2122
   24400.0  58.5684
   24600.0  59.9460
   24800.0  61.3447
   25000.0  62.7651
   25200.0  64.2070
   25400.0  65.6712
   25600.0  67.1570
   25800.0  68.6652
   26000.0  70.1953
   26200.0  71.7486
   26400.0  73.3238
   26600.0  74.9222
   26800.0  76.5428
   27000.0  78.1871
   27200.0  79.8539
   27400.0  81.5447
   27600.0  83.2585
   27800.0  84.9962
   28000.0  86.7577
   28200.0  88.5428
   28400.0  90.3523
   28600.0  92.1851
   28800.0  94.0434
   29000.0  95.9256
   29200.0  97.8328
   29400.0  99.7644
   29600.0  101.721
   29800.0  103.703
   30000.0  105.709