   200.000  2.802391E-02
   400.000  4.000521E-02
   600.000  6.507036E-02
   800.000  0.104938
   1000.00  0.158815
   1200.00  0.229397
   1400.00  0.317116
   1600.00  0.422712
   1800.00  0.135309
   2000.00  0.152427
   2200.00  0.164900
   2400.00  0.206117
   2600.00  0.236504
   2800.00  0.272360
   3000.00  0.320618
   3200.00  0.374281
   3400.00  0.433501
   3600.00  0.498474
   3800.00  0.569376
   4000.00  0.646340
   4200.00  0.729603
   4400.00  0.819331
   4600.00  0.915697
   4800.00  1.01890
   5000.00  1.12913
   5200.00  1.24653
   5400.00  1.37128
   5600.00  1.50355
   5800.00  1.64354
   6000.00  1.79137
   6200.00  1.94721
   6400.00  2.11121
   6600.00  2.28356
   6800.00  2.46439
   7000.00  2.65384
   7200.00  2.85214
   7400.00  3.05929
   7600.00  3.27561
   7800.00  3.50113
   8000.00  3.73607
   8200.00  3.98041
   8400.00  4.23444
   8600.00  4.49864
   8800.00  4.77240
   9000.00  5.05661
   9200.00  5.35096
   9400.00  5.65565
   9600.00  5.97111
   9800.00  6.29708
   10000.0  2.53217
   10200.0  2.67890
   10400.0  2.83047
   10600.0  2.98796
   10800.0  3.15087
   11000.0  3.32011
   11200.0  2.48546
   11400.0  2.61558
   11600.0  2.75008
   11800.0  2.55689
   12000.0  2.66196
   12200.0  2.77016
   12400.0  2.88142
   12600.0  2.99596
   12800.0  3.11364
   13000.0  3.23458
   13200.0  3.35882
   13400.0  3.48638
   13600.0  3.61727
   13800.0  3.75164
   14000.0  3.88937
   14200.0  4.03059
   14400.0  4.17530
   14600.0  4.32361
   14800.0  4.47550
   15000.0  4.63099
   15200.0  4.79014
   15400.0  4.95300
   15600.0  5.11961
   15800.0  5.29003
   16000.0  5.46421
   16200.0  5.64228
   16400.0  5.82423
   16600.0  6.01012
   16800.0  6.19994
   17000.0  6.39378
   17200.0  6.59167
   17400.0  6.79364
   17600.0  6.99971
   17800.0  7.20996
   18000.0  7.42436
   18200.0  7.64300
   18400.0  7.86592
   18600.0  8.09313
   18800.0  8.32466
   19000.0  8.56055
   19200.0  8.80085
   19400.0  9.04565
   19600.0  9.29487
   19800.0  9.54864
   20000.0  9.80694
   20200.0  10.0699
   20400.0  10.3374
   20600.0  10.6096
   20800.0  10.8865
   21000.0  11.1681
   21200.0  11.4545
   21400.0  11.7457
   21600.0  12.0417
   21800.0  12.3426
   22000.0  12.6484
   22200.0  12.9592
   22400.0  13.2750
   22600.0  13.5957
   22800.0  13.9214
   23000.0  14.2523
   23200.0  14.5882
   23400.0  14.9293
   23600.0  15.2756
   23800.0  15.6271
   24000.0  15.9839
   24200.0  16.3459
   24400.0  16.7133
   24600.0  17.0860
   24800.0  17.4641
   25000.0  17.8475
   25200.0  18.2364
   25400.0  18.6308
   25600.0  19.0308
   25800.0  19.4362
   26000.0  19.8473
   26200.0  20.2639
   26400.0  20.6860
   26600.0  21.1140
   26800.0  21.5476
   27000.0  21.9870
   27200.0  22.4322
   27400.0  22.8831
   27600.0  23.3398
   27800.0  23.8024
   28000.0  24.2709
   28200.0  24.7452
   28400.0  25.2256
   28600.0  25.7119
   28800.0  26.2043
   29000.0  26.7027
   29200.0  27.2071
   29400.0  27.7176
   29600.0  28.2342
   29800.0  28.7571
   30000.0  29.2861