   200.000  0.749694
   400.000  5.20473
   600.000  17.4750
   800.000  42.1685
   1000.00  84.0413
   1200.00  147.731
   1400.00  239.457
   1600.00  365.386
   1800.00  532.192
   2000.00  743.526
   2200.00  1003.63
   2400.00  1319.61
   2600.00  1716.62
   2800.00  2193.03
   3000.00  2755.51
   3200.00  3411.53
   3400.00  4168.26
   3600.00  5030.10
   3800.00  6002.40
   4000.00  7085.98
   4200.00  8286.68
   4400.00  9606.20
   4600.00  11048.2
   4800.00  12610.3
   5000.00  14293.8
   5200.00  16096.6
   5400.00  18015.1
   5600.00  20045.2
   5800.00  22178.6
   6000.00  24410.1
   6200.00  26738.9
   6400.00  29149.4
   6600.00  31632.4
   6800.00  34176.3
   7000.00  36769.1
   7200.00  39399.3
   7400.00  42054.5
   7600.00  44722.9
   7800.00  47391.1
   8000.00  50047.1
   8200.00  52722.1
   8400.00  55371.5
   8600.00  57984.6
   8800.00  60551.6
   9000.00  63066.3
   9200.00  65521.3
   9400.00  67908.1
   9600.00  70221.0
   9800.00  72456.2
   10000.0  74611.8
   10200.0  76797.0
   10400.0  78907.0
   10600.0  80939.9
   10800.0  82894.5
   11000.0  84769.9
   11200.0  86565.9
   11400.0  88283.2
   11600.0  89921.9
   11800.0  91482.6
   12000.0  92967.8
   12200.0  94377.8
   12400.0  95715.8
   12600.0  96982.3
   12800.0  98180.4
   13000.0  99311.6
   13200.0  100379.
   13400.0  101384.
   13600.0  102331.
   13800.0  103219.
   14000.0  104053.
   14200.0  104835.
   14400.0  105566.
   14600.0  106250.
   14800.0  106888.
   15000.0  107483.
   15200.0  108195.
   15400.0  108870.
   15600.0  109509.
   15800.0  110114.
   16000.0  110687.
   16200.0  111230.
   16400.0  111743.
   16600.0  112228.
   16800.0  112686.
   17000.0  113119.
   17200.0  113529.
   17400.0  113915.
   17600.0  114279.
   17800.0  114622.
   18000.0  114946.
   18200.0  115251.
   18400.0  115538.
   18600.0  115807.
   18800.0  116061.
   19000.0  116300.
   19200.0  116523.
   19400.0  116733.
   19600.0  116930.
   19800.0  117117.
   20000.0  117306.
   20200.0  117584.
   20400.0  117844.
   20600.0  118094.
   20800.0  118334.
   21000.0  118563.
   21200.0  118783.
   21400.0  118994.
   21600.0  119197.
   21800.0  119391.
   22000.0  119577.
   22200.0  119755.
   22400.0  119926.
   22600.0  120091.
   22800.0  120248.
   23000.0  120400.
   23200.0  120545.
   23400.0  120684.
   23600.0  120818.
   23800.0  120947.
   24000.0  121070.
   24200.0  121189.
   24400.0  121303.
   24600.0  121412.
   24800.0  121517.
   25000.0  121618.
   25200.0  121715.
   25400.0  121808.
   25600.0  121897.
   25800.0  121983.
   26000.0  122066.
   26200.0  122146.
   26400.0  122222.
   26600.0  122295.
   26800.0  122366.
   27000.0  122434.
   27200.0  122499.
   27400.0  122561.
   27600.0  122622.
   27800.0  122679.
   28000.0  122735.
   28200.0  122788.
   28400.0  122840.
   28600.0  122889.
   28800.0  122937.
   29000.0  122982.
   29200.0  123026.
   29400.0  123068.
   29600.0  123108.
   29800.0  123147.
   30000.0  123184.