   200.000  8.493886E-02
   400.000  4.737107E-02
   600.000  6.815456E-02
   800.000  9.614629E-02
   1000.00  0.138599
   1200.00  0.200331
   1400.00  0.274511
   1600.00  0.363119
   1800.00  0.468129
   2000.00  0.590961
   2200.00  0.732836
   2400.00  0.227758
   2600.00  0.275184
   2800.00  0.327658
   3000.00  0.333563
   3200.00  0.388852
   3400.00  0.425827
   3600.00  0.469388
   3800.00  0.533378
   4000.00  0.603050
   4200.00  0.678681
   4400.00  0.760366
   4600.00  0.848342
   4800.00  0.942777
   5000.00  1.04384
   5200.00  1.15169
   5400.00  1.26650
   5600.00  1.38842
   5800.00  1.51760
   6000.00  1.65420
   6200.00  1.79835
   6400.00  1.95020
   6600.00  2.10990
   6800.00  2.27753
   7000.00  2.45329
   7200.00  2.63732
   7400.00  2.82970
   7600.00  3.03050
   7800.00  3.23990
   8000.00  3.45799
   8200.00  3.68501
   8400.00  3.92074
   8600.00  4.16576
   8800.00  4.41966
   9000.00  4.68293
   9200.00  4.95539
   9400.00  5.23737
   9600.00  5.52886
   9800.00  5.83009
   10000.0  6.14341
   10200.0  6.46959
   10400.0  6.80564
   10600.0  7.15144
   10800.0  7.50706
   11000.0  7.87251
   11200.0  8.24780
   11400.0  8.63291
   11600.0  9.02773
   11800.0  9.43221
   12000.0  9.84642
   12200.0  10.2701
   12400.0  4.33844
   12600.0  4.53280
   12800.0  4.73264
   13000.0  4.93793
   13200.0  5.14885
   13400.0  5.36535
   13600.0  5.58758
   13800.0  5.81551
   14000.0  6.04927
   14200.0  6.28891
   14400.0  4.67590
   14600.0  4.84545
   14800.0  5.01859
   15000.0  4.52915
   15200.0  4.67720
   15400.0  4.82848
   15600.0  4.98318
   15800.0  5.14136
   16000.0  5.30311
   16200.0  5.46842
   16400.0  5.63728
   16600.0  5.80973
   16800.0  5.98591
   17000.0  6.16583
   17200.0  6.34940
   17400.0  6.53665
   17600.0  6.72778
   17800.0  6.92275
   18000.0  7.12149
   18200.0  7.32414
   18400.0  7.53078
   18600.0  7.74129
   18800.0  7.95581
   19000.0  8.17443
   19200.0  8.39699
   19400.0  8.62369
   19600.0  8.85451
   19800.0  9.08937
   20000.0  9.32857
   20200.0  9.57195
   20400.0  9.81945
   20600.0  10.0715
   20800.0  10.3277
   21000.0  10.5882
   21200.0  10.8532
   21400.0  11.1224
   21600.0  11.3963
   21800.0  11.6744
   22000.0  11.9573
   22200.0  12.2446
   22400.0  12.5365
   22600.0  12.8330
   22800.0  13.1340
   23000.0  13.4399
   23200.0  13.7502
   23400.0  14.0656
   23600.0  14.3854
   23800.0  14.7103
   24000.0  15.0397
   24200.0  15.3743
   24400.0  15.7135
   24600.0  16.0578
   24800.0  16.4069
   25000.0  16.7610
   25200.0  17.1201
   25400.0  17.4844
   25600.0  17.8535
   25800.0  18.2280
   26000.0  18.6074
   26200.0  18.9922
   26400.0  19.3819
   26600.0  19.7770
   26800.0  20.1772
   27000.0  20.5829
   27200.0  20.9936
   27400.0  21.4099
   27600.0  21.8313
   27800.0  22.2583
   28000.0  22.6907
   28200.0  23.1285
   28400.0  23.5719
   28600.0  24.0205
   28800.0  24.4750
   29000.0  24.9348
   29200.0  25.4004
   29400.0  25.8715
   29600.0  26.3482
   29800.0  26.8307
   30000.0  27.3187