   200.000  7.502713E-02
   400.000  0.244207
   600.000  6.561020E-02
   800.000  0.113025
   1000.00  0.186964
   1200.00  0.294762
   1400.00  0.433146
   1600.00  0.611265
   1800.00  0.835845
   2000.00  1.10582
   2200.00  1.43019
   2400.00  1.81458
   2600.00  2.25879
   2800.00  2.76645
   3000.00  3.34110
   3200.00  3.98626
   3400.00  4.70532
   3600.00  5.50163
   3800.00  6.37847
   4000.00  7.33916
   4200.00  8.38687
   4400.00  9.52472
   4600.00  10.7559
   4800.00  12.0833
   5000.00  13.5101
   5200.00  15.0393
   5400.00  16.6737
   5600.00  18.4163
   5800.00  20.2700
   6000.00  2.68883
   6200.00  2.92023
   6400.00  3.16325
   6600.00  3.41805
   6800.00  3.68485
   7000.00  3.96382
   7200.00  4.25514
   7400.00  4.55900
   7600.00  4.88066
   7800.00  5.23129
   8000.00  5.59728
   8200.00  5.97885
   8400.00  6.37626
   8600.00  6.78983
   8800.00  7.21972
   9000.00  7.66625
   9200.00  8.12966
   9400.00  8.61014
   9600.00  9.10800
   9800.00  9.62350
   10000.0  10.1568
   10200.0  10.7242
   10400.0  11.3212
   10600.0  11.9390
   10800.0  12.5783
   11000.0  13.2389
   11200.0  13.9214
   11400.0  14.6259
   11600.0  15.3531
   11800.0  16.1026
   12000.0  16.8756
   12200.0  17.6716
   12400.0  18.4912
   12600.0  19.3348
   12800.0  20.2027
   13000.0  21.0953
   13200.0  22.0124
   13400.0  22.9546
   13600.0  23.9221
   13800.0  24.9154
   14000.0  25.9348
   14200.0  26.9802
   14400.0  28.0523
   14600.0  29.1606
   14800.0  30.3084
   15000.0  31.4911
   15200.0  32.7031
   15400.0  33.9451
   15600.0  35.2171
   15800.0  36.5197
   16000.0  37.8528
   16200.0  39.2168
   16400.0  40.6122
   16600.0  42.0393
   16800.0  43.4982
   17000.0  44.9895
   17200.0  46.5133
   17400.0  48.0702
   17600.0  49.6600
   17800.0  51.2832
   18000.0  52.9402
   18200.0  54.6310
   18400.0  56.3562
   18600.0  58.1161
   18800.0  59.9110
   19000.0  61.7413
   19200.0  63.6072
   19400.0  65.5083
   19600.0  67.4456
   19800.0  69.4197
   20000.0  71.4301
   20200.0  73.4778
   20400.0  75.5626
   20600.0  77.6851
   20800.0  79.8454
   21000.0  82.0438
   21200.0  84.2804
   21400.0  86.5556
   21600.0  88.8696
   21800.0  91.2227
   22000.0  93.6154
   22200.0  96.0478
   22400.0  98.5201
   22600.0  101.032
   22800.0  103.585
   23000.0  106.178
   23200.0  108.812
   23400.0  111.488
   23600.0  114.205
   23800.0  116.963
   24000.0  119.763
   24200.0  122.605
   24400.0  125.490
   24600.0  128.418
   24800.0  131.388
   25000.0  134.401
   25200.0  137.457
   25400.0  140.557
   25600.0  143.701
   25800.0  146.889
   26000.0  150.144
   26200.0  153.462
   26400.0  156.858
   26600.0  160.331
   26800.0  163.854
   27000.0  167.427
   27200.0  171.051
   27400.0  174.725
   27600.0  178.450
   27800.0  182.228
   28000.0  186.056
   28200.0  189.937
   28400.0  193.870
   28600.0  197.855
   28800.0  201.893
   29000.0  205.984
   29200.0  210.129
   29400.0  214.326
   29600.0  218.579
   29800.0  222.884
   30000.0  227.244