   200.000  0.180808
   400.000  6.371800E-02
   600.000  8.530490E-02
   800.000  0.114005
   1000.00  0.156053
   1200.00  0.224161
   1400.00  0.305093
   1600.00  0.402010
   1800.00  0.517414
   2000.00  0.651852
   2200.00  0.806465
   2400.00  0.983790
   2600.00  0.305943
   2800.00  0.366632
   3000.00  0.433678
   3200.00  0.437975
   3400.00  0.508116
   3600.00  0.550852
   3800.00  0.627630
   4000.00  0.680587
   4200.00  0.766064
   4400.00  0.858166
   4600.00  0.957110
   4800.00  1.06309
   5000.00  1.17626
   5200.00  1.29680
   5400.00  1.42487
   5600.00  1.56065
   5800.00  1.70429
   6000.00  1.85594
   6200.00  2.01579
   6400.00  2.18398
   6600.00  2.36065
   6800.00  2.54597
   7000.00  2.74009
   7200.00  2.94317
   7400.00  3.15529
   7600.00  3.37671
   7800.00  3.60749
   8000.00  3.84781
   8200.00  4.09783
   8400.00  4.35759
   8600.00  4.62742
   8800.00  4.90736
   9000.00  5.19743
   9200.00  5.49806
   9400.00  5.80921
   9600.00  6.13103
   9800.00  6.46367
   10000.0  6.81233
   10200.0  7.17987
   10400.0  7.55964
   10600.0  7.95170
   10800.0  8.35623
   11000.0  8.77330
   11200.0  9.20308
   11400.0  9.64569
   11600.0  10.1011
   11800.0  10.5695
   12000.0  11.0511
   12200.0  11.5457
   12400.0  12.0537
   12600.0  12.5750
   12800.0  13.1097
   13000.0  13.6578
   13200.0  5.72632
   13400.0  5.96749
   13600.0  6.21505
   13800.0  6.46900
   14000.0  6.72945
   14200.0  6.99645
   14400.0  7.27009
   14600.0  7.55045
   14800.0  7.83747
   15000.0  8.13140
   15200.0  7.23362
   15400.0  6.24694
   15600.0  6.44901
   15800.0  6.65489
   16000.0  6.00473
   16200.0  6.19228
   16400.0  6.38363
   16600.0  6.57901
   16800.0  6.77851
   17000.0  6.98219
   17200.0  7.18997
   17400.0  7.40187
   17600.0  7.61809
   17800.0  7.83859
   18000.0  8.06331
   18200.0  8.29238
   18400.0  8.52589
   18600.0  8.76371
   18800.0  9.00601
   19000.0  9.25287
   19200.0  9.50411
   19400.0  9.75996
   19600.0  10.0204
   19800.0  10.2853
   20000.0  10.5551
   20200.0  10.8295
   20400.0  11.1085
   20600.0  11.3925
   20800.0  11.6811
   21000.0  11.9746
   21200.0  12.2730
   21400.0  12.5761
   21600.0  12.8843
   21800.0  13.1973
   22000.0  13.5155
   22200.0  13.8387
   22400.0  14.1669
   22600.0  14.5003
   22800.0  14.8386
   23000.0  15.1823
   23200.0  15.5310
   23400.0  15.8851
   23600.0  16.2443
   23800.0  16.6090
   24000.0  16.9788
   24200.0  17.3542
   24400.0  17.7348
   24600.0  18.1210
   24800.0  18.5125
   25000.0  18.9096
   25200.0  19.3121
   25400.0  19.7203
   25600.0  20.1340
   25800.0  20.5534
   26000.0  20.9783
   26200.0  21.4092
   26400.0  21.8455
   26600.0  22.2878
   26800.0  22.7356
   27000.0  23.1895
   27200.0  23.6489
   27400.0  24.1145
   27600.0  24.5858
   27800.0  25.0631
   28000.0  25.5464
   28200.0  26.0356
   28400.0  26.5309
   28600.0  27.0321
   28800.0  27.5397
   29000.0  28.0531
   29200.0  28.5729
   29400.0  29.0987
   29600.0  29.6308
   29800.0  30.1691
   30000.0  30.7136