   200.000  0.522913
   400.000  0.186116
   600.000  0.394067
   800.000  0.772027
   1000.00  1.33853
   1200.00  2.12756
   1400.00  3.15254
   1600.00  4.48306
   1800.00  6.17052
   2000.00  8.22263
   2200.00  10.6620
   2400.00  13.5153
   2600.00  16.8008
   2800.00  20.5356
   3000.00  24.7341
   3200.00  29.4071
   3400.00  34.5637
   3600.00  40.2106
   3800.00  46.3505
   4000.00  52.9843
   4200.00  6.61533
   4400.00  7.45041
   4600.00  8.35559
   4800.00  9.33359
   5000.00  10.3870
   5200.00  11.5182
   5400.00  12.7304
   5600.00  14.0260
   5800.00  15.4073
   6000.00  16.8775
   6200.00  18.4391
   6400.00  20.0943
   6600.00  21.8465
   6800.00  23.6980
   7000.00  25.6510
   7200.00  27.7087
   7400.00  29.8738
   7600.00  32.1488
   7800.00  34.5355
   8000.00  37.0381
   8200.00  39.6584
   8400.00  42.3977
   8600.00  45.2621
   8800.00  48.2528
   9000.00  51.3676
   9200.00  54.6180
   9400.00  57.9993
   9600.00  61.5177
   9800.00  65.1773
   10000.0  68.9748
   10200.0  72.9181
   10400.0  77.0086
   10600.0  81.2488
   10800.0  85.6416
   11000.0  90.1891
   11200.0  94.8948
   11400.0  99.7614
   11600.0  104.791
   11800.0  109.985
   12000.0  115.350
   12200.0  120.884
   12400.0  126.594
   12600.0  132.480
   12800.0  138.546
   13000.0  144.793
   13200.0  151.227
   13400.0  157.848
   13600.0  164.661
   13800.0  171.667
   14000.0  178.869
   14200.0  186.270
   14400.0  193.873
   14600.0  201.682
   14800.0  209.695
   15000.0  217.923
   15200.0  226.365
   15400.0  235.023
   15600.0  243.901
   15800.0  253.001
   16000.0  262.326
   16200.0  271.880
   16400.0  281.664
   16600.0  291.684
   16800.0  301.940
   17000.0  312.439
   17200.0  323.180
   17400.0  334.167
   17600.0  345.401
   17800.0  356.892
   18000.0  368.637
   18200.0  380.640
   18400.0  392.906
   18600.0  405.436
   18800.0  418.235
   19000.0  431.309
   19200.0  444.654
   19400.0  458.278
   19600.0  472.182
   19800.0  486.353
   20000.0  500.746
   20200.0  515.476
   20400.0  530.528
   20600.0  545.878
   20800.0  561.516
   21000.0  577.452
   21200.0  593.686
   21400.0  610.219
   21600.0  627.059
   21800.0  644.201
   22000.0  661.657
   22200.0  679.422
   22400.0  697.499
   22600.0  715.896
   22800.0  734.608
   23000.0  753.644
   23200.0  772.997
   23400.0  792.683
   23600.0  812.689
   23800.0  833.035
   24000.0  853.706
   24200.0  874.720
   24400.0  896.066
   24600.0  917.749
   24800.0  939.772
   25000.0  962.145
   25200.0  984.860
   25400.0  1007.93
   25600.0  1031.34
   25800.0  1055.11
   26000.0  1079.23
   26200.0  1103.71
   26400.0  1128.55
   26600.0  1153.75
   26800.0  1179.30
   27000.0  1205.23
   27200.0  1231.51
   27400.0  1258.17
   27600.0  1285.19
   27800.0  1312.59
   28000.0  1340.36
   28200.0  1368.50
   28400.0  1397.03
   28600.0  1425.91
   28800.0  1455.20
   29000.0  1484.85
   29200.0  1514.90
   29400.0  1545.32
   29600.0  1576.13
   29800.0  1607.34
   30000.0  1638.92