   200.000  3.320087E-02
   400.000  0.111678
   600.000  0.287363
   800.000  0.540402
   1000.00  0.900129
   1200.00  0.170962
   1400.00  0.241384
   1600.00  0.334662
   1800.00  0.448244
   2000.00  0.585539
   2200.00  0.747968
   2400.00  0.938118
   2600.00  1.15737
   2800.00  1.40746
   3000.00  1.69021
   3200.00  2.00735
   3400.00  2.36060
   3600.00  2.75165
   3800.00  3.18220
   4000.00  3.65403
   4200.00  4.16875
   4400.00  4.72810
   4600.00  5.33381
   4800.00  5.98750
   5000.00  6.69087
   5200.00  7.44594
   5400.00  8.25438
   5600.00  9.11781
   5800.00  10.0382
   6000.00  11.0174
   6200.00  12.0574
   6400.00  13.1595
   6600.00  14.3268
   6800.00  15.5604
   7000.00  16.8625
   7200.00  18.2354
   7400.00  19.6812
   7600.00  21.2020
   7800.00  22.7996
   8000.00  24.4775
   8200.00  26.2370
   8400.00  28.0810
   8600.00  30.0120
   8800.00  32.0327
   9000.00  34.1444
   9200.00  36.3524
   9400.00  38.6580
   9600.00  41.0633
   9800.00  5.60508
   10000.0  5.89611
   10200.0  6.19722
   10400.0  6.50913
   10600.0  6.83217
   10800.0  7.16641
   11000.0  7.51200
   11200.0  7.86914
   11400.0  8.23806
   11600.0  8.61885
   11800.0  9.01172
   12000.0  9.41695
   12200.0  9.83456
   12400.0  10.2650
   12600.0  10.7081
   12800.0  11.1644
   13000.0  11.6337
   13200.0  12.1167
   13400.0  12.6132
   13600.0  13.1235
   13800.0  13.6476
   14000.0  14.1860
   14200.0  14.7386
   14400.0  15.3058
   14600.0  15.8876
   14800.0  16.4842
   15000.0  17.0961
   15200.0  17.7233
   15400.0  18.3660
   15600.0  19.0242
   15800.0  19.6982
   16000.0  20.3883
   16200.0  21.0945
   16400.0  21.8171
   16600.0  22.5562
   16800.0  23.3122
   17000.0  24.0851
   17200.0  24.8751
   17400.0  25.6823
   17600.0  26.5070
   17800.0  27.3494
   18000.0  28.2096
   18200.0  29.0878
   18400.0  29.9844
   18600.0  30.8992
   18800.0  31.8326
   19000.0  32.7850
   19200.0  33.7561
   19400.0  34.7464
   19600.0  35.7560
   19800.0  36.7848
   20000.0  37.8335
   20200.0  38.9022
   20400.0  39.9907
   20600.0  41.1000
   20800.0  42.2293
   21000.0  43.3795
   21200.0  44.5502
   21400.0  45.7415
   21600.0  46.9544
   21800.0  48.1880
   22000.0  49.4437
   22200.0  50.7208
   22400.0  52.0198
   22600.0  53.3408
   22800.0  54.6837
   23000.0  56.0494
   23200.0  57.4371
   23400.0  58.8481
   23600.0  60.2812
   23800.0  61.7382
   24000.0  63.2177
   24200.0  64.7212
   24400.0  66.2478
   24600.0  67.7983
   24800.0  69.3724
   25000.0  70.9709
   25200.0  72.5933
   25400.0  74.2407
   25600.0  75.9122
   25800.0  77.6088
   26000.0  79.3299
   26200.0  81.0769
   26400.0  82.8484
   26600.0  84.6459
   26800.0  86.4682
   27000.0  88.3170
   27200.0  90.1908
   27400.0  92.0914
   27600.0  94.0178
   27800.0  95.9709
   28000.0  97.9507
   28200.0  99.9569
   28400.0  101.990
   28600.0  104.050
   28800.0  106.138
   29000.0  108.252
   29200.0  110.395
   29400.0  112.565
   29600.0  114.762
   29800.0  116.988
   30000.0  119.241