   200.000  0.188289
   400.000  3.923006E-02
   600.000  6.526729E-02
   800.000  0.114822
   1000.00  0.187738
   1200.00  0.284923
   1400.00  0.409004
   1600.00  0.562931
   1800.00  0.750569
   2000.00  0.971793
   2200.00  1.23120
   2400.00  1.52806
   2600.00  0.541540
   2800.00  0.471391
   3000.00  0.490051
   3200.00  0.573289
   3400.00  0.665912
   3600.00  0.769424
   3800.00  0.882113
   4000.00  1.00576
   4200.00  1.14237
   4400.00  1.28987
   4600.00  1.44857
   4800.00  1.61877
   5000.00  1.80489
   5200.00  2.00473
   5400.00  2.21790
   5600.00  2.44473
   5800.00  2.68555
   6000.00  2.94072
   6200.00  3.21054
   6400.00  3.49917
   6600.00  3.80569
   6800.00  4.12867
   7000.00  4.46851
   7200.00  4.82553
   7400.00  5.20012
   7600.00  5.59258
   7800.00  6.00332
   8000.00  6.43263
   8200.00  6.88089
   8400.00  7.34843
   8600.00  7.83561
   8800.00  8.34271
   9000.00  8.87032
   9200.00  9.42241
   9400.00  9.99641
   9600.00  10.5921
   9800.00  11.2102
   10000.0  11.8512
   10200.0  12.5153
   10400.0  13.2027
   10600.0  13.9141
   10800.0  14.6496
   11000.0  15.4096
   11200.0  16.1946
   11400.0  17.0048
   11600.0  17.8404
   11800.0  18.7018
   12000.0  19.5895
   12200.0  20.5038
   12400.0  21.4451
   12600.0  22.4135
   12800.0  23.4093
   13000.0  24.4333
   13200.0  25.4854
   13400.0  26.5661
   13600.0  27.6757
   13800.0  28.8142
   14000.0  29.9825
   14200.0  31.1805
   14400.0  32.4086
   14600.0  33.6673
   14800.0  34.9567
   15000.0  36.2772
   15200.0  37.6295
   15400.0  39.0135
   15600.0  40.4295
   15800.0  41.8780
   16000.0  43.3587
   16200.0  44.8730
   16400.0  46.4206
   16600.0  48.0018
   16800.0  49.6167
   17000.0  51.2660
   17200.0  52.9496
   17400.0  54.6680
   17600.0  56.4220
   17800.0  58.2115
   18000.0  60.0364
   18200.0  61.8970
   18400.0  63.7945
   18600.0  65.7288
   18800.0  67.7000
   19000.0  69.7086
   19200.0  71.7543
   19400.0  73.8376
   19600.0  75.9597
   19800.0  78.1197
   20000.0  80.3175
   20200.0  12.3065
   20400.0  12.6221
   20600.0  12.9436
   20800.0  13.2707
   21000.0  13.6034
   21200.0  13.9420
   21400.0  14.2861
   21600.0  14.6362
   21800.0  14.9921
   22000.0  15.3539
   22200.0  15.7218
   22400.0  16.0954
   22600.0  16.4754
   22800.0  16.8611
   23000.0  17.2534
   23200.0  17.6515
   23400.0  18.0561
   23600.0  18.4668
   23800.0  18.8839
   24000.0  19.3073
   24200.0  19.7371
   24400.0  20.1735
   24600.0  20.6162
   24800.0  21.0657
   25000.0  21.5217
   25200.0  21.9843
   25400.0  22.4536
   25600.0  22.9296
   25800.0  23.4123
   26000.0  23.9019
   26200.0  24.3985
   26400.0  24.9017
   26600.0  25.4121
   26800.0  25.9292
   27000.0  26.4538
   27200.0  26.9850
   27400.0  27.5239
   27600.0  28.0696
   27800.0  28.6227
   28000.0  29.1828
   28200.0  29.7504
   28400.0  30.3254
   28600.0  30.9076
   28800.0  31.4975
   29000.0  32.0945
   29200.0  32.6996
   29400.0  33.3118
   29600.0  33.9320
   29800.0  34.5596
   30000.0  35.1945