   200.000  0.116838
   400.000  0.560932
   600.000  1.61771
   800.000  3.58613
   1000.00  7.18766
   1200.00  14.6540
   1400.00  1.15772
   1600.00  1.61032
   1800.00  2.16206
   2000.00  2.83892
   2200.00  3.64893
   2400.00  4.61080
   2600.00  5.73372
   2800.00  7.03023
   3000.00  8.51357
   3200.00  10.1964
   3400.00  12.0915
   3600.00  14.2119
   3800.00  16.5709
   4000.00  19.1806
   4200.00  22.0557
   4400.00  25.2080
   4600.00  28.6510
   4800.00  32.3982
   5000.00  36.4641
   5200.00  40.8595
   5400.00  45.6004
   5600.00  50.6971
   5800.00  56.1632
   6000.00  62.0179
   6200.00  68.2689
   6400.00  74.9316
   6600.00  82.0193
   6800.00  89.5455
   7000.00  97.5237
   7200.00  105.969
   7400.00  114.892
   7600.00  124.309
   7800.00  134.232
   8000.00  144.678
   8200.00  155.657
   8400.00  167.185
   8600.00  179.270
   8800.00  191.932
   9000.00  205.187
   9200.00  219.039
   9400.00  233.511
   9600.00  248.608
   9800.00  264.350
   10000.0  280.746
   10200.0  297.816
   10400.0  315.575
   10600.0  334.025
   10800.0  353.187
   11000.0  373.075
   11200.0  393.697
   11400.0  415.068
   11600.0  437.203
   11800.0  460.113
   12000.0  483.812
   12200.0  508.310
   12400.0  533.629
   12600.0  559.768
   12800.0  586.741
   13000.0  614.568
   13200.0  643.258
   13400.0  672.827
   13600.0  703.280
   13800.0  734.619
   14000.0  766.876
   14200.0  800.051
   14400.0  834.161
   14600.0  869.208
   14800.0  905.209
   15000.0  942.173
   15200.0  980.153
   15400.0  1019.12
   15600.0  1059.09
   15800.0  1100.08
   16000.0  1142.07
   16200.0  1185.10
   16400.0  1229.16
   16600.0  1274.28
   16800.0  1320.46
   17000.0  1367.69
   17200.0  1415.99
   17400.0  1465.38
   17600.0  1515.86
   17800.0  1567.43
   18000.0  1620.10
   18200.0  1673.89
   18400.0  1728.79
   18600.0  1784.82
   18800.0  1841.97
   19000.0  1900.26
   19200.0  1959.67
   19400.0  2020.24
   19600.0  2081.95
   19800.0  2144.78
   20000.0  2208.68
   20200.0  2273.90
   20400.0  2340.34
   20600.0  2407.95
   20800.0  2476.71
   21000.0  2546.61
   21200.0  2617.68
   21400.0  2689.90
   21600.0  2763.29
   21800.0  2837.81
   22000.0  2913.51
   22200.0  2990.36
   22400.0  3068.35
   22600.0  3147.51
   22800.0  3227.79
   23000.0  3309.23
   23200.0  3391.79
   23400.0  3475.51
   23600.0  3560.35
   23800.0  3646.32
   24000.0  3733.40
   24200.0  3821.60
   24400.0  3910.92
   24600.0  4001.33
   24800.0  4092.85
   25000.0  4185.44
   25200.0  4279.14
   25400.0  4373.88
   25600.0  4469.71
   25800.0  4566.58
   26000.0  4664.49
   26200.0  4763.42
   26400.0  4863.40
   26600.0  4964.39
   26800.0  5066.38
   27000.0  5169.35
   27200.0  5273.30
   27400.0  5378.23
   27600.0  5484.10
   27800.0  5590.93
   28000.0  5698.66
   28200.0  5807.34
   28400.0  5916.89
   28600.0  6027.35
   28800.0  6138.66
   29000.0  6250.84
   29200.0  6363.85
   29400.0  6477.68
   29600.0  6592.33
   29800.0  6707.76
   30000.0  6824.02