   200.000  0.136558
   400.000  3.430820E-02
   600.000  5.376660E-02
   800.000  8.996543E-02
   1000.00  0.140173
   1200.00  0.212718
   1400.00  0.303508
   1600.00  0.417969
   1800.00  0.559969
   2000.00  0.728659
   2200.00  0.924142
   2400.00  1.14716
   2600.00  1.39735
   2800.00  1.67432
   3000.00  0.420696
   3200.00  0.492199
   3400.00  0.504537
   3600.00  0.579302
   3800.00  0.661659
   4000.00  0.751932
   4200.00  0.850373
   4400.00  0.957367
   4600.00  1.07320
   4800.00  1.19822
   5000.00  1.33269
   5200.00  1.47695
   5400.00  1.63132
   5600.00  1.79608
   5800.00  1.97157
   6000.00  2.15804
   6200.00  2.35590
   6400.00  2.56533
   6600.00  2.78669
   6800.00  3.02024
   7000.00  3.26636
   7200.00  3.52526
   7400.00  3.79724
   7600.00  4.08250
   7800.00  4.38151
   8000.00  4.69466
   8200.00  5.02185
   8400.00  5.36338
   8600.00  5.72010
   8800.00  6.09152
   9000.00  6.47859
   9200.00  6.88097
   9400.00  7.29911
   9600.00  7.73367
   9800.00  8.18489
   10000.0  8.65256
   10200.0  9.13717
   10400.0  9.63894
   10600.0  10.1583
   10800.0  10.6952
   11000.0  11.2502
   11200.0  11.8235
   11400.0  12.4152
   11600.0  13.0257
   11800.0  13.6550
   12000.0  14.3038
   12200.0  14.9721
   12400.0  15.6600
   12600.0  16.3678
   12800.0  17.0960
   13000.0  17.8447
   13200.0  18.6142
   13400.0  19.4044
   13600.0  20.2158
   13800.0  21.0487
   14000.0  21.9034
   14200.0  22.7799
   14400.0  23.6784
   14600.0  24.5993
   14800.0  25.5427
   15000.0  26.5092
   15200.0  27.4986
   15400.0  28.5114
   15600.0  29.5476
   15800.0  30.6075
   16000.0  31.6914
   16200.0  32.7996
   16400.0  33.9319
   16600.0  35.0890
   16800.0  36.2712
   17000.0  37.4779
   17200.0  38.7100
   17400.0  39.9678
   17600.0  41.2514
   17800.0  42.5605
   18000.0  43.8958
   18200.0  45.2575
   18400.0  46.6458
   18600.0  48.0607
   18800.0  49.5026
   19000.0  50.9714
   19200.0  52.4677
   19400.0  53.9917
   19600.0  55.5432
   19800.0  57.1226
   20000.0  58.7304
   20200.0  60.3668
   20400.0  62.0315
   20600.0  63.7250
   20800.0  65.4474
   21000.0  67.1994
   21200.0  68.9805
   21400.0  70.7909
   21600.0  72.6311
   21800.0  74.5011
   22000.0  76.4013
   22200.0  12.0050
   22400.0  12.2808
   22600.0  12.5604
   22800.0  12.8437
   23000.0  13.1322
   23200.0  13.4246
   23400.0  13.7220
   23600.0  14.0237
   23800.0  14.3302
   24000.0  14.6412
   24200.0  14.9571
   24400.0  15.2776
   24600.0  15.6028
   24800.0  15.9328
   25000.0  16.2677
   25200.0  16.6075
   25400.0  16.9521
   25600.0  17.3016
   25800.0  17.6561
   26000.0  18.0155
   26200.0  18.3801
   26400.0  18.7495
   26600.0  19.1243
   26800.0  19.5038
   27000.0  19.8889
   27200.0  20.2787
   27400.0  20.6743
   27600.0  21.0747
   27800.0  21.4806
   28000.0  21.8916
   28200.0  22.3081
   28400.0  22.7301
   28600.0  23.1572
   28800.0  23.5900
   29000.0  24.0279
   29200.0  24.4719
   29400.0  24.9210
   29600.0  25.3759
   29800.0  25.8363
   30000.0  26.3020