   200.000  0.157698
   400.000  6.272390E-02
   600.000  0.116530
   800.000  0.207947
   1000.00  0.346458
   1200.00  0.531551
   1400.00  0.797718
   1600.00  1.09696
   1800.00  1.45569
   2000.00  1.87905
   2200.00  2.37153
   2400.00  0.568685
   2600.00  0.602488
   2800.00  0.721527
   3000.00  0.856130
   3200.00  1.00713
   3400.00  1.17529
   3600.00  1.36157
   3800.00  1.56658
   4000.00  1.79122
   4200.00  2.03627
   4400.00  2.30254
   4600.00  2.59075
   4800.00  2.90172
   5000.00  3.23615
   5200.00  3.59488
   5400.00  3.97854
   5600.00  4.38798
   5800.00  4.82394
   6000.00  5.28695
   6200.00  5.77795
   6400.00  6.29768
   6600.00  6.84664
   6800.00  7.42553
   7000.00  8.03529
   7200.00  8.67634
   7400.00  9.34941
   7600.00  10.0558
   7800.00  10.7952
   8000.00  11.5684
   8200.00  12.3774
   8400.00  13.2210
   8600.00  14.1014
   8800.00  15.0186
   9000.00  15.9727
   9200.00  16.9653
   9400.00  17.9968
   9600.00  19.0676
   9800.00  20.1784
   10000.0  21.3299
   10200.0  22.5228
   10400.0  23.7581
   10600.0  25.0361
   10800.0  26.3570
   11000.0  27.7222
   11200.0  29.1318
   11400.0  30.5869
   11600.0  32.0877
   11800.0  33.6350
   12000.0  35.2299
   12200.0  36.8720
   12400.0  38.5631
   12600.0  40.3033
   12800.0  42.0930
   13000.0  43.9328
   13200.0  45.8239
   13400.0  47.7667
   13600.0  49.7620
   13800.0  51.8098
   14000.0  53.9112
   14200.0  56.0670
   14400.0  58.2777
   14600.0  60.5438
   14800.0  62.8660
   15000.0  65.2455
   15200.0  67.6823
   15400.0  70.1773
   15600.0  72.7308
   15800.0  75.3437
   16000.0  78.0168
   16200.0  80.7508
   16400.0  83.5463
   16600.0  86.4041
   16800.0  89.3239
   17000.0  92.3078
   17200.0  95.3556
   17400.0  98.4682
   17600.0  101.646
   17800.0  104.889
   18000.0  15.9448
   18200.0  16.3985
   18400.0  16.8602
   18600.0  17.3313
   18800.0  17.8116
   19000.0  18.3009
   19200.0  18.7995
   19400.0  19.3079
   19600.0  19.8256
   19800.0  20.3527
   20000.0  20.8899
   20200.0  21.4367
   20400.0  21.9931
   20600.0  22.5598
   20800.0  23.1365
   21000.0  23.7230
   21200.0  24.3200
   21400.0  24.9271
   21600.0  25.5443
   21800.0  26.1726
   22000.0  26.8109
   22200.0  27.4599
   22400.0  28.1198
   22600.0  28.7901
   22800.0  29.4717
   23000.0  30.1640
   23200.0  30.8673
   23400.0  31.5819
   23600.0  32.3071
   23800.0  33.0443
   24000.0  33.7923
   24200.0  34.5522
   24400.0  35.3234
   24600.0  36.1061
   24800.0  36.9007
   25000.0  37.7067
   25200.0  38.5251
   25400.0  39.3547
   25600.0  40.1971
   25800.0  41.0510
   26000.0  41.9175
   26200.0  42.7958
   26400.0  43.6872
   26600.0  44.5904
   26800.0  45.5064
   27000.0  46.4346
   27200.0  47.3759
   27400.0  48.3296
   27600.0  49.2965
   27800.0  50.2758
   28000.0  51.2686
   28200.0  52.2739
   28400.0  53.2931
   28600.0  54.3247
   28800.0  55.3705
   29000.0  56.4288
   29200.0  57.5015
   29400.0  58.5869
   29600.0  59.6864
   29800.0  60.7991
   30000.0  61.9259