   200.000  1.30154
   400.000  0.881114
   600.000  1.45737
   800.000  0.424425
   1000.00  0.586897
   1200.00  0.805167
   1400.00  1.08923
   1600.00  1.41265
   1800.00  1.85571
   2000.00  2.37933
   2200.00  2.98688
   2400.00  3.68534
   2600.00  4.47797
   2800.00  5.36938
   3000.00  6.36427
   3200.00  7.46722
   3400.00  8.68336
   3600.00  10.0176
   3800.00  11.4751
   4000.00  13.0616
   4200.00  14.7823
   4400.00  16.6433
   4600.00  18.6503
   4800.00  20.8109
   5000.00  23.1301
   5200.00  8.42996
   5400.00  6.78953
   5600.00  7.45896
   5800.00  7.18187
   6000.00  7.80211
   6200.00  8.45967
   6400.00  9.15531
   6600.00  9.89037
   6800.00  10.6655
   7000.00  11.4815
   7200.00  12.3396
   7400.00  13.2407
   7600.00  14.1858
   7800.00  15.1753
   8000.00  16.2114
   8200.00  17.2937
   8400.00  18.4238
   8600.00  19.6030
   8800.00  20.8312
   9000.00  22.1096
   9200.00  23.4408
   9400.00  24.8232
   9600.00  26.2589
   9800.00  27.7489
   10000.0  29.2943
   10200.0  30.8956
   10400.0  32.5538
   10600.0  34.2699
   10800.0  36.0448
   11000.0  37.8792
   11200.0  39.7743
   11400.0  41.7309
   11600.0  43.7495
   11800.0  45.8310
   12000.0  47.9770
   12200.0  50.1872
   12400.0  52.4639
   12600.0  54.8066
   12800.0  57.2170
   13000.0  59.6950
   13200.0  62.2431
   13400.0  64.8607
   13600.0  67.5493
   13800.0  70.3091
   14000.0  73.1414
   14200.0  76.0470
   14400.0  79.0266
   14600.0  82.0813
   14800.0  85.2105
   15000.0  88.4172
   15200.0  91.7011
   15400.0  95.0633
   15600.0  98.5043
   15800.0  102.025
   16000.0  105.625
   16200.0  109.307
   16400.0  113.071
   16600.0  116.917
   16800.0  120.847
   17000.0  124.861
   17200.0  128.961
   17400.0  133.145
   17600.0  137.415
   17800.0  141.774
   18000.0  146.220
   18200.0  150.754
   18400.0  155.378
   18600.0  160.092
   18800.0  164.897
   19000.0  169.793
   19200.0  174.781
   19400.0  179.862
   19600.0  185.036
   19800.0  190.303
   20000.0  195.667
   20200.0  201.126
   20400.0  206.682
   20600.0  212.335
   20800.0  218.086
   21000.0  223.935
   21200.0  229.882
   21400.0  235.928
   21600.0  242.075
   21800.0  248.322
   22000.0  254.671
   22200.0  261.123
   22400.0  267.678
   22600.0  274.336
   22800.0  281.096
   23000.0  287.962
   23200.0  294.933
   23400.0  302.010
   23600.0  309.193
   23800.0  316.484
   24000.0  323.882
   24200.0  331.387
   24400.0  339.002
   24600.0  346.724
   24800.0  354.557
   25000.0  362.499
   25200.0  370.553
   25400.0  378.719
   25600.0  386.997
   25800.0  395.385
   26000.0  403.887
   26200.0  412.505
   26400.0  421.237
   26600.0  430.083
   26800.0  439.044
   27000.0  448.119
   27200.0  457.310
   27400.0  466.618
   27600.0  476.043
   27800.0  485.586
   28000.0  495.247
   28200.0  505.027
   28400.0  514.924
   28600.0  524.941
   28800.0  535.079
   29000.0  545.338
   29200.0  555.716
   29400.0  566.216
   29600.0  576.838
   29800.0  587.581
   30000.0  598.447