   200.000  2.678320E-02
   400.000  3.700534E-02
   600.000  5.568356E-02
   800.000  8.651892E-02
   1000.00  0.131061
   1200.00  0.188530
   1400.00  0.260193
   1600.00  0.346518
   1800.00  0.447869
   2000.00  0.126640
   2200.00  0.159628
   2400.00  0.170522
   2600.00  0.196084
   2800.00  0.236041
   3000.00  0.266473
   3200.00  0.311245
   3400.00  0.360607
   3600.00  0.414705
   3800.00  0.473661
   4000.00  0.537628
   4200.00  0.606782
   4400.00  0.681263
   4600.00  0.761228
   4800.00  0.846834
   5000.00  0.938249
   5200.00  1.03560
   5400.00  1.13908
   5600.00  1.24880
   5800.00  1.36494
   6000.00  1.48764
   6200.00  1.61704
   6400.00  1.75331
   6600.00  1.89658
   6800.00  2.04704
   7000.00  2.20480
   7200.00  2.36996
   7400.00  2.54281
   7600.00  2.72339
   7800.00  2.91200
   8000.00  3.10856
   8200.00  3.31353
   8400.00  3.52687
   8600.00  3.74881
   8800.00  3.97927
   9000.00  4.21884
   9200.00  4.46760
   9400.00  4.72549
   9600.00  4.99284
   9800.00  5.26769
   10000.0  5.54688
   10200.0  5.83458
   10400.0  2.39074
   10600.0  2.52249
   10800.0  2.65881
   11000.0  2.79981
   11200.0  2.94553
   11400.0  3.09608
   11600.0  2.32071
   11800.0  2.42958
   12000.0  2.54166
   12200.0  2.31308
   12400.0  2.40978
   12600.0  2.50914
   12800.0  2.61127
   13000.0  2.71617
   13200.0  2.82390
   13400.0  2.93441
   13600.0  3.04781
   13800.0  3.16412
   14000.0  3.28334
   14200.0  3.40551
   14400.0  3.53067
   14600.0  3.65883
   14800.0  3.79002
   15000.0  3.92436
   15200.0  4.06177
   15400.0  4.20235
   15600.0  4.34609
   15800.0  4.49299
   16000.0  4.64316
   16200.0  4.79664
   16400.0  4.95336
   16600.0  5.11340
   16800.0  5.27683
   17000.0  5.44362
   17200.0  5.61383
   17400.0  5.78748
   17600.0  5.96463
   17800.0  6.14527
   18000.0  6.32941
   18200.0  6.51712
   18400.0  6.70847
   18600.0  6.90341
   18800.0  7.10196
   19000.0  7.30423
   19200.0  7.51018
   19400.0  7.71989
   19600.0  7.93336
   19800.0  8.15060
   20000.0  8.37167
   20200.0  8.59663
   20400.0  8.82541
   20600.0  9.05812
   20800.0  9.29475
   21000.0  9.53537
   21200.0  9.78000
   21400.0  10.0286
   21600.0  10.2812
   21800.0  10.5379
   22000.0  10.7987
   22200.0  11.0637
   22400.0  11.3327
   22600.0  11.6060
   22800.0  11.8834
   23000.0  12.1652
   23200.0  12.4511
   23400.0  12.7414
   23600.0  13.0359
   23800.0  13.3348
   24000.0  13.6380
   24200.0  13.9457
   24400.0  14.2578
   24600.0  14.5742
   24800.0  14.8952
   25000.0  15.2207
   25200.0  15.5507
   25400.0  15.8852
   25600.0  16.2243
   25800.0  16.5680
   26000.0  16.9163
   26200.0  17.2693
   26400.0  17.6269
   26600.0  17.9892
   26800.0  18.3562
   27000.0  18.7280
   27200.0  19.1045
   27400.0  19.4859
   27600.0  19.8721
   27800.0  20.2631
   28000.0  20.6590
   28200.0  21.0598
   28400.0  21.4656
   28600.0  21.8762
   28800.0  22.2918
   29000.0  22.7123
   29200.0  23.1379
   29400.0  23.5685
   29600.0  24.0043
   29800.0  24.4451
   30000.0  24.8909