   200.000  0.126086
   400.000  8.789441E-02
   600.000  5.424815E-02
   800.000  8.246643E-02
   1000.00  0.134072
   1200.00  0.202702
   1400.00  0.287833
   1600.00  0.394440
   1800.00  0.526061
   2000.00  0.683017
   2200.00  0.866126
   2400.00  1.07674
   2600.00  1.31527
   2800.00  1.58218
   3000.00  1.87771
   3200.00  2.20196
   3400.00  0.783560
   3600.00  0.660017
   3800.00  0.755613
   4000.00  0.746076
   4200.00  0.840623
   4400.00  0.943292
   4600.00  1.05452
   4800.00  1.17455
   5000.00  1.30366
   5200.00  1.44216
   5400.00  1.59034
   5600.00  1.74852
   5800.00  1.91698
   6000.00  2.09602
   6200.00  2.28593
   6400.00  2.48697
   6600.00  2.69948
   6800.00  2.92370
   7000.00  3.16001
   7200.00  3.40854
   7400.00  3.66963
   7600.00  3.94365
   7800.00  4.23083
   8000.00  4.53136
   8200.00  4.84559
   8400.00  5.17378
   8600.00  5.51620
   8800.00  5.87318
   9000.00  6.24485
   9200.00  6.63132
   9400.00  7.03343
   9600.00  7.45081
   9800.00  7.88400
   10000.0  8.33354
   10200.0  8.79913
   10400.0  9.28128
   10600.0  9.78022
   10800.0  10.2962
   11000.0  10.8295
   11200.0  11.3803
   11400.0  11.9489
   11600.0  12.5355
   11800.0  13.1402
   12000.0  13.7635
   12200.0  14.4054
   12400.0  15.0664
   12600.0  15.7464
   12800.0  16.4459
   13000.0  17.1648
   13200.0  17.9038
   13400.0  18.6627
   13600.0  19.4420
   13800.0  20.2416
   14000.0  21.0619
   14200.0  21.9032
   14400.0  22.7656
   14600.0  23.6494
   14800.0  24.5545
   15000.0  25.4814
   15200.0  26.4304
   15400.0  27.4015
   15600.0  28.3951
   15800.0  29.4113
   16000.0  30.4499
   16200.0  31.5116
   16400.0  32.5963
   16600.0  33.7044
   16800.0  34.8361
   17000.0  35.9915
   17200.0  37.1707
   17400.0  38.3740
   17600.0  39.6012
   17800.0  40.8530
   18000.0  42.1294
   18200.0  43.4306
   18400.0  44.7565
   18600.0  46.1075
   18800.0  47.4841
   19000.0  48.8859
   19200.0  50.3133
   19400.0  51.7665
   19600.0  53.2453
   19800.0  54.7504
   20000.0  56.2816
   20200.0  57.8396
   20400.0  59.4241
   20600.0  61.0353
   20800.0  62.6735
   21000.0  64.3385
   21200.0  66.0306
   21400.0  67.7501
   21600.0  69.4967
   21800.0  71.2710
   22000.0  73.0730
   22200.0  74.9031
   22400.0  76.7610
   22600.0  78.6470
   22800.0  80.5613
   23000.0  82.5037
   23200.0  84.4749
   23400.0  86.4743
   23600.0  88.5026
   23800.0  90.5598
   24000.0  92.6460
   24200.0  94.7611
   24400.0  96.9057
   24600.0  99.0789
   24800.0  101.282
   25000.0  103.514
   25200.0  105.777
   25400.0  108.070
   25600.0  17.6062
   25800.0  17.9588
   26000.0  18.3159
   26200.0  18.6784
   26400.0  19.0453
   26600.0  19.4177
   26800.0  19.7945
   27000.0  20.1769
   27200.0  20.5639
   27400.0  20.9564
   27600.0  21.3537
   27800.0  21.7563
   28000.0  22.1641
   28200.0  22.5769
   28400.0  22.9953
   28600.0  23.4184
   28800.0  23.8475
   29000.0  24.2814
   29200.0  24.7211
   29400.0  25.1659
   29600.0  25.6160
   29800.0  26.0720
   30000.0  26.5328