   200.000  3.148998E-02
   400.000  0.109347
   600.000  0.277982
   800.000  0.551469
   1000.00  0.107627
   1200.00  0.155316
   1400.00  0.226205
   1600.00  0.315846
   1800.00  0.426666
   2000.00  0.560218
   2200.00  0.717905
   2400.00  0.901879
   2600.00  1.11353
   2800.00  1.35447
   3000.00  1.62632
   3200.00  1.93067
   3400.00  2.26913
   3600.00  2.64330
   3800.00  3.05483
   4000.00  3.50528
   4200.00  3.99643
   4400.00  4.52986
   4600.00  5.10734
   4800.00  5.73076
   5000.00  6.40176
   5200.00  7.12219
   5400.00  7.89422
   5600.00  8.71945
   5800.00  9.60018
   6000.00  10.5386
   6200.00  11.5366
   6400.00  12.5966
   6600.00  13.7211
   6800.00  14.9123
   7000.00  16.1728
   7200.00  17.5054
   7400.00  18.9128
   7600.00  20.3982
   7800.00  21.9636
   8000.00  23.6136
   8200.00  25.3501
   8400.00  3.46797
   8600.00  3.67494
   8800.00  3.89057
   9000.00  4.11503
   9200.00  4.34890
   9400.00  4.59217
   9600.00  4.84477
   9800.00  5.10732
   10000.0  5.37952
   10200.0  5.66193
   10400.0  5.95459
   10600.0  6.25776
   10800.0  6.57157
   11000.0  6.89613
   11200.0  7.23169
   11400.0  7.57842
   11600.0  7.93648
   11800.0  8.30602
   12000.0  8.68731
   12200.0  9.08038
   12400.0  9.48567
   12600.0  9.90312
   12800.0  10.3330
   13000.0  10.7754
   13200.0  11.2308
   13400.0  11.6991
   13600.0  12.1806
   13800.0  12.6753
   14000.0  13.1837
   14200.0  13.7056
   14400.0  14.2414
   14600.0  14.7914
   14800.0  15.3554
   15000.0  15.9341
   15200.0  16.5273
   15400.0  17.1354
   15600.0  17.7585
   15800.0  18.3965
   16000.0  19.0501
   16200.0  19.7192
   16400.0  20.4039
   16600.0  21.1044
   16800.0  21.8211
   17000.0  22.5542
   17200.0  23.3035
   17400.0  24.0693
   17600.0  24.8519
   17800.0  25.6517
   18000.0  26.4685
   18200.0  27.3025
   18400.0  28.1541
   18600.0  29.0233
   18800.0  29.9105
   19000.0  30.8158
   19200.0  31.7391
   19400.0  32.6809
   19600.0  33.6412
   19800.0  34.6200
   20000.0  35.6181
   20200.0  36.6353
   20400.0  37.6716
   20600.0  38.7278
   20800.0  39.8033
   21000.0  40.8988
   21200.0  42.0141
   21400.0  43.1494
   21600.0  44.3053
   21800.0  45.4813
   22000.0  46.6785
   22200.0  47.8963
   22400.0  49.1352
   22600.0  50.3953
   22800.0  51.6764
   23000.0  52.9796
   23200.0  54.3039
   23400.0  55.6507
   23600.0  57.0188
   23800.0  58.4098
   24000.0  59.8226
   24200.0  61.2584
   24400.0  62.7167
   24600.0  64.1978
   24800.0  65.7018
   25000.0  67.2292
   25200.0  68.7798
   25400.0  70.3543
   25600.0  71.9521
   25800.0  73.5741
   26000.0  75.2197
   26200.0  76.8902
   26400.0  78.5843
   26600.0  80.3035
   26800.0  82.0466
   27000.0  83.8151
   27200.0  85.6079
   27400.0  87.4265
   27600.0  89.2699
   27800.0  91.1390
   28000.0  93.0338
   28200.0  94.9540
   28400.0  96.9004
   28600.0  98.8720
   28800.0  100.871
   29000.0  102.895
   29200.0  104.947
   29400.0  107.025
   29600.0  109.130
   29800.0  111.261
   30000.0  113.420