   200.000  4.097258E-02
   400.000  0.114045
   600.000  0.269685
   800.000  0.573691
   1000.00  0.979910
   1200.00  0.218512
   1400.00  0.267288
   1600.00  0.371187
   1800.00  0.496980
   2000.00  0.648880
   2200.00  0.828397
   2400.00  1.03830
   2600.00  1.28009
   2800.00  1.55569
   3000.00  1.86706
   3200.00  2.21596
   3400.00  2.60430
   3600.00  3.03394
   3800.00  3.50667
   4000.00  4.02430
   4200.00  4.58883
   4400.00  5.20187
   4600.00  5.86536
   4800.00  6.58132
   5000.00  7.35141
   5200.00  8.17763
   5400.00  9.06219
   5600.00  10.0067
   5800.00  11.0132
   6000.00  12.0838
   6200.00  13.2203
   6400.00  14.4253
   6600.00  15.7015
   6800.00  17.0496
   7000.00  18.4729
   7200.00  19.9735
   7400.00  21.5538
   7600.00  23.2164
   7800.00  24.9631
   8000.00  26.7981
   8200.00  28.7226
   8400.00  30.7396
   8600.00  32.8528
   8800.00  35.0645
   9000.00  37.3771
   9200.00  39.7950
   9400.00  42.3214
   9600.00  44.9585
   9800.00  47.7098
   10000.0  50.5799
   10200.0  53.5724
   10400.0  7.36620
   10600.0  7.72283
   10800.0  8.09173
   11000.0  8.47308
   11200.0  8.86714
   11400.0  9.27410
   11600.0  9.69410
   11800.0  10.1273
   12000.0  10.5742
   12200.0  11.0345
   12400.0  11.5089
   12600.0  11.9973
   12800.0  12.5000
   13000.0  13.0171
   13200.0  13.5490
   13400.0  14.0957
   13600.0  14.6576
   13800.0  15.2346
   14000.0  15.8272
   14200.0  16.4354
   14400.0  17.0594
   14600.0  17.6995
   14800.0  18.3557
   15000.0  19.0287
   15200.0  19.7184
   15400.0  20.4250
   15600.0  21.1485
   15800.0  21.8893
   16000.0  22.6478
   16200.0  23.4238
   16400.0  24.2176
   16600.0  25.0296
   16800.0  25.8598
   17000.0  26.7088
   17200.0  27.5763
   17400.0  28.4624
   17600.0  29.3678
   17800.0  30.2927
   18000.0  31.2369
   18200.0  32.2007
   18400.0  33.1845
   18600.0  34.1882
   18800.0  35.2124
   19000.0  36.2572
   19200.0  37.3223
   19400.0  38.4086
   19600.0  39.5157
   19800.0  40.6437
   20000.0  41.7937
   20200.0  42.9656
   20400.0  44.1591
   20600.0  45.3751
   20800.0  46.6129
   21000.0  47.8735
   21200.0  49.1566
   21400.0  50.4622
   21600.0  51.7912
   21800.0  53.1429
   22000.0  54.5186
   22200.0  55.9178
   22400.0  57.3409
   22600.0  58.7881
   22800.0  60.2590
   23000.0  61.7548
   23200.0  63.2745
   23400.0  64.8198
   23600.0  66.3893
   23800.0  67.9848
   24000.0  69.6048
   24200.0  71.2511
   24400.0  72.9225
   24600.0  74.6201
   24800.0  76.3434
   25000.0  78.0933
   25200.0  79.8695
   25400.0  81.6728
   25600.0  83.5024
   25800.0  85.3595
   26000.0  87.2433
   26200.0  89.1553
   26400.0  91.0941
   26600.0  93.0614
   26800.0  95.0556
   27000.0  97.0789
   27200.0  99.1295
   27400.0  101.209
   27600.0  103.317
   27800.0  105.455
   28000.0  107.621
   28200.0  109.816
   28400.0  112.041
   28600.0  114.294
   28800.0  116.579
   29000.0  118.892
   29200.0  121.237
   29400.0  123.611
   29600.0  126.015
   29800.0  128.450
   30000.0  130.916