   200.000  0.124122
   400.000  3.780992E-02
   600.000  4.808322E-02
   800.000  8.054919E-02
   1000.00  0.130055
   1200.00  0.197217
   1400.00  0.280662
   1600.00  0.383485
   1800.00  0.508626
   2000.00  0.657853
   2200.00  0.833354
   2400.00  1.03885
   2600.00  1.27700
   2800.00  1.55142
   3000.00  1.86617
   3200.00  0.454834
   3400.00  0.530232
   3600.00  0.527193
   3800.00  0.602944
   4000.00  0.685925
   4200.00  0.776378
   4400.00  0.874611
   4600.00  0.980901
   4800.00  1.09555
   5000.00  1.21883
   5200.00  1.35101
   5400.00  1.49234
   5600.00  1.64316
   5800.00  1.80368
   6000.00  1.97421
   6200.00  2.15498
   6400.00  2.34629
   6600.00  2.54839
   6800.00  2.76154
   7000.00  2.98600
   7200.00  3.22201
   7400.00  3.46986
   7600.00  3.72973
   7800.00  4.00195
   8000.00  4.28686
   8200.00  4.58452
   8400.00  4.89525
   8600.00  5.21917
   8800.00  5.55680
   9000.00  5.90831
   9200.00  6.27384
   9400.00  6.65353
   9600.00  7.04780
   9800.00  7.45681
   10000.0  7.88062
   10200.0  8.31987
   10400.0  8.77460
   10600.0  9.24501
   10800.0  9.73136
   11000.0  10.2338
   11200.0  10.7528
   11400.0  11.2884
   11600.0  11.8408
   11800.0  12.4102
   12000.0  12.9970
   12200.0  13.6011
   12400.0  14.2233
   12600.0  14.8632
   12800.0  15.5214
   13000.0  16.1979
   13200.0  16.8932
   13400.0  17.6072
   13600.0  18.3405
   13800.0  19.0929
   14000.0  19.8649
   14200.0  20.6566
   14400.0  21.4683
   14600.0  22.3002
   14800.0  23.1520
   15000.0  24.0250
   15200.0  24.9188
   15400.0  25.8336
   15600.0  26.7695
   15800.0  27.7270
   16000.0  28.7061
   16200.0  29.7071
   16400.0  30.7303
   16600.0  31.7758
   16800.0  32.8439
   17000.0  33.9349
   17200.0  35.0487
   17400.0  36.1858
   17600.0  37.3459
   17800.0  38.5299
   18000.0  39.7377
   18200.0  40.9694
   18400.0  42.2254
   18600.0  43.5059
   18800.0  44.8111
   19000.0  46.1413
   19200.0  47.4964
   19400.0  48.8769
   19600.0  50.2827
   19800.0  51.7141
   20000.0  53.1717
   20200.0  54.6557
   20400.0  56.1658
   20600.0  57.7030
   20800.0  59.2667
   21000.0  60.8574
   21200.0  62.4753
   21400.0  64.1204
   21600.0  65.7934
   21800.0  67.4939
   22000.0  69.2229
   22200.0  70.9800
   22400.0  72.7655
   22600.0  74.5800
   22800.0  76.4229
   23000.0  78.2954
   23200.0  80.1966
   23400.0  12.7196
   23600.0  12.9988
   23800.0  13.2816
   24000.0  13.5683
   24200.0  13.8597
   24400.0  14.1550
   24600.0  14.4550
   24800.0  14.7591
   25000.0  15.0678
   25200.0  15.3808
   25400.0  15.6984
   25600.0  16.0203
   25800.0  16.3470
   26000.0  16.6779
   26200.0  17.0139
   26400.0  17.3540
   26600.0  17.6992
   26800.0  18.0485
   27000.0  18.4031
   27200.0  18.7620
   27400.0  19.1259
   27600.0  19.4944
   27800.0  19.8679
   28000.0  20.2462
   28200.0  20.6293
   28400.0  21.0175
   28600.0  21.4102
   28800.0  21.8084
   29000.0  22.2111
   29200.0  22.6193
   29400.0  23.0322
   29600.0  23.4502
   29800.0  23.8736
   30000.0  24.3016