   200.000  5.526244E-02
   400.000  0.283558
   600.000  0.825987
   800.000  1.83966
   1000.00  3.48158
   1200.00  5.93716
   1400.00  9.35124
   1600.00  13.9083
   1800.00  19.8021
   2000.00  27.2153
   2200.00  36.3264
   2400.00  47.3847
   2600.00  60.5765
   2800.00  76.1143
   3000.00  94.2155
   3200.00  115.105
   3400.00  139.006
   3600.00  166.145
   3800.00  196.756
   4000.00  231.029
   4200.00  269.197
   4400.00  311.505
   4600.00  358.131
   4800.00  409.304
   5000.00  465.235
   5200.00  526.152
   5400.00  592.257
   5600.00  663.752
   5800.00  740.839
   6000.00  823.696
   6200.00  912.572
   6400.00  1007.60
   6600.00  1108.96
   6800.00  1216.78
   7000.00  1331.26
   7200.00  1452.45
   7400.00  1580.53
   7600.00  1715.60
   7800.00  1857.66
   8000.00  2006.86
   8200.00  2163.41
   8400.00  2327.13
   8600.00  2498.14
   8800.00  2676.28
   9000.00  2861.66
   9200.00  3054.20
   9400.00  3253.81
   9600.00  3460.33
   9800.00  3673.77
   10000.0  3893.67
   10200.0  4120.83
   10400.0  4354.46
   10600.0  4594.35
   10800.0  4840.26
   11000.0  5091.95
   11200.0  5349.19
   11400.0  5611.69
   11600.0  5879.09
   11800.0  6151.10
   12000.0  6427.45
   12200.0  6707.65
   12400.0  6991.59
   12600.0  7278.66
   12800.0  7568.62
   13000.0  7861.01
   13200.0  8155.56
   13400.0  8451.76
   13600.0  8749.34
   13800.0  9047.78
   14000.0  9346.76
   14200.0  9645.91
   14400.0  9944.84
   14600.0  10243.2
   14800.0  10540.5
   15000.0  10836.6
   15200.0  11136.4
   15400.0  11434.8
   15600.0  11731.4
   15800.0  12026.0
   16000.0  12318.3
   16200.0  12608.0
   16400.0  12894.8
   16600.0  13178.7
   16800.0  13459.2
   17000.0  13736.3
   17200.0  14009.7
   17400.0  14279.2
   17600.0  14544.7
   17800.0  14806.0
   18000.0  15063.1
   18200.0  15315.7
   18400.0  15563.7
   18600.0  15807.2
   18800.0  16046.1
   19000.0  16280.1
   19200.0  16509.3
   19400.0  16733.7
   19600.0  16953.2
   19800.0  17168.1
   20000.0  17379.4
   20200.0  17596.5
   20400.0  17808.5
   20600.0  18016.1
   20800.0  18219.3
   21000.0  18418.1
   21200.0  18612.6
   21400.0  18802.8
   21600.0  18988.7
   21800.0  19170.4
   22000.0  19348.0
   22200.0  19521.5
   22400.0  19691.0
   22600.0  19856.4
   22800.0  20017.9
   23000.0  20175.5
   23200.0  20329.4
   23400.0  20479.4
   23600.0  20625.8
   23800.0  20768.6
   24000.0  20907.8
   24200.0  21043.6
   24400.0  21176.0
   24600.0  21304.9
   24800.0  21430.7
   25000.0  21553.2
   25200.0  21672.6
   25400.0  21789.0
   25600.0  21902.3
   25800.0  22012.7
   26000.0  22120.3
   26200.0  22225.1
   26400.0  22327.1
   26600.0  22426.4
   26800.0  22523.2
   27000.0  22617.4
   27200.0  22709.1
   27400.0  22798.4
   27600.0  22885.3
   27800.0  22970.0
   28000.0  23052.4
   28200.0  23132.6
   28400.0  23210.6
   28600.0  23286.6
   28800.0  23360.6
   29000.0  23432.6
   29200.0  23502.7
   29400.0  23570.9
   29600.0  23637.2
   29800.0  23701.8
   30000.0  23764.7