   200.000  4.672909E-02
   400.000  0.167897
   600.000  0.419151
   800.000  9.336942E-02
   1000.00  0.140879
   1200.00  0.217997
   1400.00  0.318380
   1600.00  0.445061
   1800.00  0.601355
   2000.00  0.791320
   2200.00  1.01728
   2400.00  1.28288
   2600.00  1.59040
   2800.00  1.94251
   3000.00  2.34183
   3200.00  2.79091
   3400.00  3.29221
   3600.00  3.84823
   3800.00  4.46135
   4000.00  5.13380
   4200.00  5.86799
   4400.00  6.66619
   4600.00  7.53035
   4800.00  8.46256
   5000.00  9.46544
   5200.00  10.5404
   5400.00  11.6901
   5600.00  12.9157
   5800.00  14.2199
   6000.00  15.6043
   6200.00  17.0708
   6400.00  18.6212
   6600.00  20.2573
   6800.00  21.9809
   7000.00  23.7937
   7200.00  3.20309
   7400.00  3.42596
   7600.00  3.66011
   7800.00  3.90544
   8000.00  4.16264
   8200.00  4.43163
   8400.00  4.71282
   8600.00  5.00648
   8800.00  5.31285
   9000.00  5.63185
   9200.00  5.96459
   9400.00  6.31050
   9600.00  6.66996
   9800.00  7.04371
   10000.0  7.43146
   10200.0  7.83391
   10400.0  8.25113
   10600.0  8.68354
   10800.0  9.13129
   11000.0  9.59461
   11200.0  10.0738
   11400.0  10.5692
   11600.0  11.0810
   11800.0  11.6093
   12000.0  12.1547
   12200.0  12.7172
   12400.0  13.2975
   12600.0  13.8953
   12800.0  14.5111
   13000.0  15.1451
   13200.0  15.7980
   13400.0  16.4696
   13600.0  17.1602
   13800.0  17.8702
   14000.0  18.5999
   14200.0  19.3494
   14400.0  20.1191
   14600.0  20.9092
   14800.0  21.7197
   15000.0  22.5518
   15200.0  23.4049
   15400.0  24.2796
   15600.0  25.1760
   15800.0  26.0944
   16000.0  27.0352
   16200.0  27.9986
   16400.0  28.9847
   16600.0  29.9939
   16800.0  31.0266
   17000.0  32.0831
   17200.0  33.1633
   17400.0  34.2676
   17600.0  35.3962
   17800.0  36.5498
   18000.0  37.7283
   18200.0  38.9317
   18400.0  40.1610
   18600.0  41.4157
   18800.0  42.6966
   19000.0  44.0039
   19200.0  45.3375
   19400.0  46.6980
   19600.0  48.0853
   19800.0  49.4997
   20000.0  50.9421
   20200.0  52.4125
   20400.0  53.9106
   20600.0  55.4377
   20800.0  56.9930
   21000.0  58.5773
   21200.0  60.1906
   21400.0  61.8330
   21600.0  63.5053
   21800.0  65.2071
   22000.0  66.9395
   22200.0  68.7022
   22400.0  70.4953
   22600.0  72.3195
   22800.0  74.1743
   23000.0  76.0610
   23200.0  77.9787
   23400.0  79.9289
   23600.0  81.9104
   23800.0  83.9251
   24000.0  85.9716
   24200.0  88.0515
   24400.0  90.1641
   24600.0  92.3100
   24800.0  94.4892
   25000.0  96.7023
   25200.0  98.9493
   25400.0  101.231
   25600.0  103.547
   25800.0  105.897
   26000.0  108.282
   26200.0  110.704
   26400.0  113.159
   26600.0  115.651
   26800.0  118.178
   27000.0  120.742
   27200.0  123.341
   27400.0  125.977
   27600.0  128.649
   27800.0  131.359
   28000.0  134.106
   28200.0  136.890
   28400.0  139.712
   28600.0  142.570
   28800.0  145.468
   29000.0  148.404
   29200.0  151.378
   29400.0  154.391
   29600.0  157.442
   29800.0  160.532
   30000.0  163.661