   200.000  5.183029E-02
   400.000  3.517601E-02
   600.000  4.841508E-02
   800.000  6.704787E-02
   1000.00  9.573243E-02
   1200.00  0.143660
   1400.00  0.201863
   1600.00  0.279195
   1800.00  0.366251
   2000.00  0.465815
   2200.00  0.571294
   2400.00  0.192733
   2600.00  0.216494
   2800.00  0.213454
   3000.00  0.244066
   3200.00  0.269083
   3400.00  0.302586
   3600.00  0.339218
   3800.00  0.385140
   4000.00  0.436156
   4200.00  0.493589
   4400.00  0.550934
   4600.00  0.613961
   4800.00  0.681965
   5000.00  0.752184
   5200.00  0.826139
   5400.00  0.902719
   5600.00  0.989172
   5800.00  1.07756
   6000.00  1.17437
   6200.00  1.27736
   6400.00  1.38704
   6600.00  1.50253
   6800.00  1.62408
   7000.00  1.75178
   7200.00  1.88580
   7400.00  2.02615
   7600.00  2.17297
   7800.00  2.32641
   8000.00  2.48642
   8200.00  2.65314
   8400.00  2.82675
   8600.00  3.00727
   8800.00  3.19467
   9000.00  3.38899
   9200.00  3.59037
   9400.00  3.79893
   9600.00  4.01475
   9800.00  4.23780
   10000.0  4.46808
   10200.0  4.70557
   10400.0  4.95042
   10600.0  5.20255
   10800.0  5.46207
   11000.0  5.72898
   11200.0  6.00331
   11400.0  6.28509
   11600.0  6.57428
   11800.0  6.87086
   12000.0  2.88084
   12200.0  3.01329
   12400.0  3.14957
   12600.0  3.28965
   12800.0  3.43361
   13000.0  3.58146
   13200.0  3.73331
   13400.0  3.88914
   13600.0  4.04904
   13800.0  3.01999
   14000.0  3.13808
   14200.0  3.25902
   14400.0  2.94127
   14600.0  3.04313
   14800.0  3.14705
   15000.0  3.25347
   15200.0  3.36237
   15400.0  3.47377
   15600.0  3.58768
   15800.0  3.70415
   16000.0  3.82322
   16200.0  3.94490
   16400.0  4.06919
   16600.0  4.19612
   16800.0  4.32575
   17000.0  4.45813
   17200.0  4.59320
   17400.0  4.73098
   17600.0  4.87158
   17800.0  5.01500
   18000.0  5.16120
   18200.0  5.31025
   18400.0  5.46222
   18600.0  5.61704
   18800.0  5.77480
   19000.0  5.93555
   19200.0  6.09920
   19400.0  6.26588
   19600.0  6.43558
   19800.0  6.60824
   20000.0  6.78407
   20200.0  6.96296
   20400.0  7.14490
   20600.0  7.33011
   20800.0  7.51838
   21000.0  7.70988
   21200.0  7.90456
   21400.0  8.10241
   21600.0  8.30361
   21800.0  8.50797
   22000.0  8.71575
   22200.0  8.92680
   22400.0  9.14118
   22600.0  9.35896
   22800.0  9.58006
   23000.0  9.80467
   23200.0  10.0326
   23400.0  10.2641
   23600.0  10.4989
   23800.0  10.7374
   24000.0  10.9793
   24200.0  11.2249
   24400.0  11.4739
   24600.0  11.7265
   24800.0  11.9827
   25000.0  12.2426
   25200.0  12.5061
   25400.0  12.7734
   25600.0  13.0442
   25800.0  13.3189
   26000.0  13.5972
   26200.0  13.8794
   26400.0  14.1652
   26600.0  14.4550
   26800.0  14.7485
   27000.0  15.0459
   27200.0  15.3471
   27400.0  15.6522
   27600.0  15.9612
   27800.0  16.2741
   28000.0  16.5911
   28200.0  16.9119
   28400.0  17.2368
   28600.0  17.5655
   28800.0  17.8985
   29000.0  18.2354
   29200.0  18.5765
   29400.0  18.9215
   29600.0  19.2707
   29800.0  19.6241
   30000.0  19.9814