   200.000  4.156611E-02
   400.000  0.145697
   600.000  0.337116
   800.000  7.757306E-02
   1000.00  0.115653
   1200.00  0.178558
   1400.00  0.259572
   1600.00  0.361284
   1800.00  0.486523
   2000.00  0.639102
   2200.00  0.820894
   2400.00  1.03514
   2600.00  1.28361
   2800.00  1.56860
   3000.00  1.89232
   3200.00  2.25691
   3400.00  2.66443
   3600.00  3.11690
   3800.00  3.61631
   4000.00  4.16461
   4200.00  4.76350
   4400.00  5.41481
   4600.00  6.12015
   4800.00  6.88146
   5000.00  7.70007
   5200.00  8.57748
   5400.00  9.51499
   5600.00  10.5144
   5800.00  11.5772
   6000.00  12.7037
   6200.00  13.8960
   6400.00  15.1548
   6600.00  16.4812
   6800.00  17.8763
   7000.00  19.3411
   7200.00  20.8767
   7400.00  22.4832
   7600.00  24.1623
   7800.00  3.29027
   8000.00  3.50193
   8200.00  3.72331
   8400.00  3.95472
   8600.00  4.19628
   8800.00  4.44829
   9000.00  4.71076
   9200.00  4.98410
   9400.00  5.26850
   9600.00  5.56399
   9800.00  5.87121
   10000.0  6.18980
   10200.0  6.52031
   10400.0  6.86291
   10600.0  7.21789
   10800.0  7.58537
   11000.0  7.96554
   11200.0  8.35868
   11400.0  8.76500
   11600.0  9.18464
   11800.0  9.61783
   12000.0  10.0649
   12200.0  10.5259
   12400.0  11.0013
   12600.0  11.4911
   12800.0  11.9956
   13000.0  12.5148
   13200.0  13.0493
   13400.0  13.5991
   13600.0  14.1645
   13800.0  14.7455
   14000.0  15.3426
   14200.0  15.9558
   14400.0  16.5853
   14600.0  17.2316
   14800.0  17.8945
   15000.0  18.5747
   15200.0  19.2722
   15400.0  19.9872
   15600.0  20.7199
   15800.0  21.4705
   16000.0  22.2391
   16200.0  23.0261
   16400.0  23.8318
   16600.0  24.6562
   16800.0  25.4995
   17000.0  26.3622
   17200.0  27.2443
   17400.0  28.1459
   17600.0  29.0673
   17800.0  30.0089
   18000.0  30.9708
   18200.0  31.9530
   18400.0  32.9561
   18600.0  33.9799
   18800.0  35.0250
   19000.0  36.0915
   19200.0  37.1793
   19400.0  38.2890
   19600.0  39.4206
   19800.0  40.5740
   20000.0  41.7503
   20200.0  42.9492
   20400.0  44.1707
   20600.0  45.4159
   20800.0  46.6838
   21000.0  47.9753
   21200.0  49.2903
   21400.0  50.6289
   21600.0  51.9919
   21800.0  53.3788
   22000.0  54.7906
   22200.0  56.2269
   22400.0  57.6880
   22600.0  59.1743
   22800.0  60.6855
   23000.0  62.2226
   23200.0  63.7849
   23400.0  65.3736
   23600.0  66.9876
   23800.0  68.6287
   24000.0  70.2956
   24200.0  71.9897
   24400.0  73.7103
   24600.0  75.4579
   24800.0  77.2326
   25000.0  79.0349
   25200.0  80.8646
   25400.0  82.7226
   25600.0  84.6081
   25800.0  86.5223
   26000.0  88.4643
   26200.0  90.4358
   26400.0  92.4352
   26600.0  94.4641
   26800.0  96.5213
   27000.0  98.6085
   27200.0  100.724
   27400.0  102.871
   27600.0  105.046
   27800.0  107.252
   28000.0  109.489
   28200.0  111.755
   28400.0  114.052
   28600.0  116.379
   28800.0  118.739
   29000.0  121.128
   29200.0  123.549
   29400.0  126.002
   29600.0  128.485
   29800.0  131.001
   30000.0  133.548