   200.000  1.16465
   400.000  0.340023
   600.000  0.818413
   800.000  1.66036
   1000.00  2.78501
   1200.00  4.41050
   1400.00  6.58203
   1600.00  9.32504
   1800.00  12.7576
   2000.00  16.9634
   2200.00  21.9509
   2400.00  27.8301
   2600.00  34.6712
   2800.00  42.4952
   3000.00  51.3357
   3200.00  61.0206
   3400.00  71.7681
   3600.00  83.6283
   3800.00  10.1536
   4000.00  11.6642
   4200.00  13.3092
   4400.00  15.0930
   4600.00  17.0207
   4800.00  19.0964
   5000.00  21.3248
   5200.00  23.7105
   5400.00  26.2579
   5600.00  28.9821
   5800.00  31.8807
   6000.00  34.9561
   6200.00  38.2123
   6400.00  41.6539
   6600.00  45.2849
   6800.00  49.1095
   7000.00  53.1322
   7200.00  57.3570
   7400.00  61.7872
   7600.00  66.5841
   7800.00  71.7587
   8000.00  77.1885
   8200.00  82.8794
   8400.00  88.8371
   8600.00  95.0677
   8800.00  101.553
   9000.00  108.213
   9200.00  115.118
   9400.00  122.308
   9600.00  129.790
   9800.00  136.690
   10000.0  142.235
   10200.0  150.437
   10400.0  158.950
   10600.0  167.777
   10800.0  176.926
   11000.0  186.401
   11200.0  196.209
   11400.0  206.356
   11600.0  216.847
   11800.0  227.686
   12000.0  238.883
   12200.0  250.438
   12400.0  262.365
   12600.0  274.663
   12800.0  287.341
   13000.0  300.401
   13200.0  313.858
   13400.0  327.708
   13600.0  341.964
   13800.0  356.626
   14000.0  371.704
   14200.0  387.203
   14400.0  403.128
   14600.0  419.487
   14800.0  436.279
   15000.0  453.524
   15200.0  471.222
   15400.0  489.378
   15600.0  507.997
   15800.0  527.086
   16000.0  546.650
   16200.0  566.696
   16400.0  587.231
   16600.0  608.261
   16800.0  629.792
   17000.0  651.834
   17200.0  674.389
   17400.0  697.461
   17600.0  721.059
   17800.0  745.194
   18000.0  769.866
   18200.0  795.082
   18400.0  820.855
   18600.0  847.181
   18800.0  874.076
   19000.0  901.548
   19200.0  929.591
   19400.0  958.223
   19600.0  987.445
   19800.0  1017.26
   20000.0  1047.68
   20200.0  1078.72
   20400.0  1110.36
   20600.0  1142.63
   20800.0  1175.51
   21000.0  1209.01
   21200.0  1243.14
   21400.0  1277.90
   21600.0  1313.30
   21800.0  1349.33
   22000.0  1386.02
   22200.0  1423.36
   22400.0  1461.36
   22600.0  1500.02
   22800.0  1539.34
   23000.0  1579.35
   23200.0  1620.03
   23400.0  1661.39
   23600.0  1703.43
   23800.0  1746.18
   24000.0  1789.60
   24200.0  1833.74
   24400.0  1878.58
   24600.0  1924.13
   24800.0  1970.38
   25000.0  2017.36
   25200.0  2065.05
   25400.0  2113.49
   25600.0  2162.65
   25800.0  2212.55
   26000.0  2263.17
   26200.0  2314.56
   26400.0  2366.67
   26600.0  2419.55
   26800.0  2473.16
   27000.0  2527.55
   27200.0  2582.67
   27400.0  2638.57
   27600.0  2695.23
   27800.0  2752.68
   28000.0  2810.90
   28200.0  2869.88
   28400.0  2929.65
   28600.0  2990.18
   28800.0  3051.53
   29000.0  3113.65
   29200.0  3176.58
   29400.0  3240.28
   29600.0  3304.78
   29800.0  3370.09
   30000.0  3436.18