   200.000  0.211144
   400.000  0.304884
   600.000  7.635359E-02
   800.000  0.134467
   1000.00  0.174326
   1200.00  0.261018
   1400.00  0.370745
   1600.00  0.504596
   1800.00  0.665319
   2000.00  0.854555
   2200.00  1.07430
   2400.00  1.32800
   2600.00  1.61802
   2800.00  1.94740
   3000.00  2.31966
   3200.00  2.73859
   3400.00  3.20861
   3600.00  3.73451
   3800.00  4.32186
   4000.00  4.97691
   4200.00  1.80037
   4400.00  1.47149
   4600.00  1.65288
   4800.00  1.60191
   5000.00  1.77426
   5200.00  1.95891
   5400.00  2.15630
   5600.00  2.36676
   5800.00  2.59068
   6000.00  2.82837
   6200.00  3.08028
   6400.00  3.34674
   6600.00  3.62811
   6800.00  3.92471
   7000.00  4.23699
   7200.00  4.56522
   7400.00  4.90978
   7600.00  5.27115
   7800.00  5.64936
   8000.00  6.04511
   8200.00  6.45860
   8400.00  6.89008
   8600.00  7.34015
   8800.00  7.80891
   9000.00  8.29657
   9200.00  8.80381
   9400.00  9.33073
   9600.00  9.87757
   9800.00  10.4453
   10000.0  11.0332
   10200.0  11.6425
   10400.0  12.2731
   10600.0  12.9255
   10800.0  13.6000
   11000.0  14.2967
   11200.0  15.0162
   11400.0  15.7587
   11600.0  16.5245
   11800.0  17.3137
   12000.0  18.1270
   12200.0  18.9644
   12400.0  19.8265
   12600.0  20.7133
   12800.0  21.6253
   13000.0  22.5625
   13200.0  23.5258
   13400.0  24.5150
   13600.0  25.5307
   13800.0  26.5728
   14000.0  27.6419
   14200.0  28.7382
   14400.0  29.8621
   14600.0  31.0140
   14800.0  32.1934
   15000.0  33.4017
   15200.0  34.6387
   15400.0  35.9048
   15600.0  37.2001
   15800.0  38.5250
   16000.0  39.8795
   16200.0  41.2643
   16400.0  42.6794
   16600.0  44.1253
   16800.0  45.6022
   17000.0  47.1105
   17200.0  48.6503
   17400.0  50.2220
   17600.0  51.8251
   17800.0  53.4612
   18000.0  55.1300
   18200.0  56.8315
   18400.0  58.5661
   18600.0  60.3342
   18800.0  62.1364
   19000.0  63.9726
   19200.0  65.8430
   19400.0  67.7480
   19600.0  69.6873
   19800.0  71.6618
   20000.0  73.6722
   20200.0  75.7186
   20400.0  77.8006
   20600.0  79.9190
   20800.0  82.0737
   21000.0  84.2656
   21200.0  86.4943
   21400.0  88.7600
   21600.0  91.0631
   21800.0  93.4039
   22000.0  95.7835
   22200.0  98.2013
   22400.0  100.658
   22600.0  103.153
   22800.0  105.687
   23000.0  108.261
   23200.0  110.874
   23400.0  113.527
   23600.0  116.220
   23800.0  118.954
   24000.0  121.728
   24200.0  124.543
   24400.0  127.400
   24600.0  130.298
   24800.0  133.237
   25000.0  136.219
   25200.0  139.242
   25400.0  142.309
   25600.0  145.417
   25800.0  148.570
   26000.0  151.764
   26200.0  155.004
   26400.0  158.286
   26600.0  161.613
   26800.0  164.983
   27000.0  168.398
   27200.0  171.858
   27400.0  175.362
   27600.0  178.912
   27800.0  182.508
   28000.0  186.149
   28200.0  189.836
   28400.0  193.569
   28600.0  197.348
   28800.0  201.175
   29000.0  205.048
   29200.0  208.969
   29400.0  212.936
   29600.0  216.952
   29800.0  221.015
   30000.0  225.126