   200.000  2.833536E-02
   400.000  2.997673E-02
   600.000  4.344328E-02
   800.000  6.538966E-02
   1000.00  9.790563E-02
   1200.00  0.140821
   1400.00  0.193350
   1600.00  0.256020
   1800.00  0.329689
   2000.00  0.415762
   2200.00  0.123221
   2400.00  0.152153
   2600.00  0.159278
   2800.00  0.191699
   3000.00  0.213762
   3200.00  0.240996
   3400.00  0.277828
   3600.00  0.318297
   3800.00  0.362550
   4000.00  0.410676
   4200.00  0.462831
   4400.00  0.519152
   4600.00  0.579748
   4800.00  0.644752
   5000.00  0.714280
   5200.00  0.788436
   5400.00  0.867350
   5600.00  0.951110
   5800.00  1.03984
   6000.00  1.13365
   6200.00  1.23261
   6400.00  1.33683
   6600.00  1.44641
   6800.00  1.56145
   7000.00  1.68209
   7200.00  1.80834
   7400.00  1.94030
   7600.00  2.07809
   7800.00  2.22178
   8000.00  2.37149
   8200.00  2.52729
   8400.00  2.68922
   8600.00  2.85733
   8800.00  3.03184
   9000.00  3.21274
   9200.00  3.40008
   9400.00  3.59398
   9600.00  3.79453
   9800.00  4.00161
   10000.0  4.21697
   10200.0  4.44120
   10400.0  4.67226
   10600.0  4.91009
   10800.0  5.15473
   11000.0  5.40622
   11200.0  5.66486
   11400.0  2.32250
   11600.0  2.44006
   11800.0  2.56138
   12000.0  2.68656
   12200.0  2.81560
   12400.0  2.94863
   12600.0  3.08563
   12800.0  3.22669
   13000.0  2.39877
   13200.0  2.49535
   13400.0  2.59427
   13600.0  2.37361
   13800.0  2.46070
   14000.0  2.54996
   14200.0  2.64141
   14400.0  2.73507
   14600.0  2.83097
   14800.0  2.92913
   15000.0  3.02961
   15200.0  3.13238
   15400.0  3.23749
   15600.0  3.34493
   15800.0  3.45474
   16000.0  3.56697
   16200.0  3.68161
   16400.0  3.79868
   16600.0  3.91820
   16800.0  4.04022
   17000.0  4.16477
   17200.0  4.29183
   17400.0  4.42140
   17600.0  4.55357
   17800.0  4.68835
   18000.0  4.82572
   18200.0  4.96571
   18400.0  5.10839
   18600.0  5.25371
   18800.0  5.40176
   19000.0  5.55255
   19200.0  5.70603
   19400.0  5.86230
   19600.0  6.02135
   19800.0  6.18315
   20000.0  6.34784
   20200.0  6.51538
   20400.0  6.68572
   20600.0  6.85906
   20800.0  7.03523
   21000.0  7.21434
   21200.0  7.39641
   21400.0  7.58140
   21600.0  7.76944
   21800.0  7.96040
   22000.0  8.15449
   22200.0  8.35159
   22400.0  8.55176
   22600.0  8.75504
   22800.0  8.96137
   23000.0  9.17090
   23200.0  9.38349
   23400.0  9.59935
   23600.0  9.81829
   23800.0  10.0406
   24000.0  10.2659
   24200.0  10.4946
   24400.0  10.7266
   24600.0  10.9618
   24800.0  11.2003
   25000.0  11.4421
   25200.0  11.6873
   25400.0  11.9359
   25600.0  12.1878
   25800.0  12.4431
   26000.0  12.7018
   26200.0  12.9641
   26400.0  13.2297
   26600.0  13.4989
   26800.0  13.7714
   27000.0  14.0475
   27200.0  14.3271
   27400.0  14.6103
   27600.0  14.8971
   27800.0  15.1874
   28000.0  15.4813
   28200.0  15.7789
   28400.0  16.0801
   28600.0  16.3848
   28800.0  16.6934
   29000.0  17.0056
   29200.0  17.3215
   29400.0  17.6411
   29600.0  17.9645
   29800.0  18.2917
   30000.0  18.6225