   200.000  3.568045E-02
   400.000  3.091365E-02
   600.000  4.416586E-02
   800.000  6.484492E-02
   1000.00  9.710158E-02
   1200.00  0.139507
   1400.00  0.191380
   1600.00  0.253428
   1800.00  0.326433
   2000.00  0.411811
   2200.00  0.182090
   2400.00  0.152304
   2600.00  0.185106
   2800.00  0.191933
   3000.00  0.227514
   3200.00  0.250721
   3400.00  0.278281
   3600.00  0.319351
   3800.00  0.363949
   4000.00  0.412455
   4200.00  0.465050
   4400.00  0.521429
   4600.00  0.582292
   4800.00  0.646733
   5000.00  0.717313
   5200.00  0.790804
   5400.00  0.871213
   5600.00  0.951992
   5800.00  1.04254
   6000.00  1.13580
   6200.00  1.23511
   6400.00  1.34042
   6600.00  1.44867
   6800.00  1.56076
   7000.00  1.68140
   7200.00  1.80757
   7400.00  1.93853
   7600.00  2.07441
   7800.00  2.21704
   8000.00  2.36548
   8200.00  2.51983
   8400.00  2.68258
   8600.00  2.84604
   8800.00  3.01938
   9000.00  3.20610
   9200.00  3.39313
   9400.00  3.58613
   9600.00  3.78572
   9800.00  3.99042
   10000.0  4.20431
   10200.0  4.43403
   10400.0  4.68339
   10600.0  4.94294
   10800.0  5.19606
   11000.0  5.45749
   11200.0  5.73074
   11400.0  6.01892
   11600.0  2.41017
   11800.0  2.53103
   12000.0  2.65207
   12200.0  2.77549
   12400.0  2.90254
   12600.0  3.03324
   12800.0  3.17756
   13000.0  3.31671
   13200.0  3.45641
   13400.0  2.58623
   13600.0  2.68060
   13800.0  2.77694
   14000.0  2.56664
   14200.0  2.65481
   14400.0  2.75581
   14600.0  2.85465
   14800.0  2.95443
   15000.0  3.05629
   15200.0  3.16024
   15400.0  3.26716
   15600.0  3.37850
   15800.0  3.49308
   16000.0  3.61001
   16200.0  3.72932
   16400.0  3.85106
   16600.0  3.97522
   16800.0  4.10181
   17000.0  4.23086
   17200.0  4.36239
   17400.0  4.49640
   17600.0  4.63295
   17800.0  4.77200
   18000.0  4.91362
   18200.0  5.05780
   18400.0  5.20454
   18600.0  5.35388
   18800.0  5.50585
   19000.0  5.66043
   19200.0  5.81766
   19400.0  5.97758
   19600.0  6.14018
   19800.0  6.30547
   20000.0  6.47337
   20200.0  6.64381
   20400.0  6.81650
   20600.0  6.99185
   20800.0  7.16997
   21000.0  7.35086
   21200.0  7.53450
   21400.0  7.72093
   21600.0  7.91018
   21800.0  8.10227
   22000.0  8.29720
   22200.0  8.49495
   22400.0  8.69558
   22600.0  8.89911
   22800.0  9.10551
   23000.0  9.31535
   23200.0  9.52853
   23400.0  9.74512
   23600.0  9.96474
   23800.0  10.1873
   24000.0  10.4129
   24200.0  10.6417
   24400.0  10.8733
   24600.0  11.1077
   24800.0  11.3421
   25000.0  11.5795
   25200.0  11.8198
   25400.0  12.0631
   25600.0  12.3095
   25800.0  12.5589
   26000.0  12.8114
   26200.0  13.0680
   26400.0  13.3386
   26600.0  13.6144
   26800.0  13.8960
   27000.0  14.1812
   27200.0  14.4701
   27400.0  14.7627
   27600.0  15.0590
   27800.0  15.3591
   28000.0  15.6629
   28200.0  15.9704
   28400.0  16.2817
   28600.0  16.5968
   28800.0  16.9157
   29000.0  17.2385
   29200.0  17.5652
   29400.0  17.8956
   29600.0  18.2300
   29800.0  18.5682
   30000.0  18.9104