   200.000  2.647780E-02
   400.000  3.195293E-02
   600.000  4.646558E-02
   800.000  6.911372E-02
   1000.00  0.103494
   1200.00  0.148802
   1400.00  0.204171
   1600.00  0.270085
   1800.00  0.347297
   2000.00  0.150778
   2200.00  0.128767
   2400.00  0.158523
   2600.00  0.166428
   2800.00  0.188528
   3000.00  0.223280
   3200.00  0.249805
   3400.00  0.289044
   3600.00  0.332021
   3800.00  0.378850
   4000.00  0.429654
   4200.00  0.484601
   4400.00  0.543772
   4600.00  0.607316
   4800.00  0.675353
   5000.00  0.748000
   5200.00  0.825376
   5400.00  0.907598
   5600.00  0.994777
   5800.00  1.08704
   6000.00  1.18447
   6200.00  1.28719
   6400.00  1.39532
   6600.00  1.50899
   6800.00  1.62828
   7000.00  1.75331
   7200.00  1.88421
   7400.00  2.02106
   7600.00  2.16401
   7800.00  2.31312
   8000.00  2.46855
   8200.00  2.63045
   8400.00  2.79886
   8600.00  2.97390
   8800.00  3.15572
   9000.00  3.34445
   9200.00  3.54023
   9400.00  3.74310
   9600.00  3.95318
   9800.00  4.17097
   10000.0  4.39843
   10200.0  4.63696
   10400.0  4.88369
   10600.0  5.13874
   10800.0  5.40217
   11000.0  2.19272
   11200.0  2.30684
   11400.0  2.42472
   11600.0  2.54641
   11800.0  2.67195
   12000.0  2.80143
   12200.0  2.93485
   12400.0  2.19052
   12600.0  2.28707
   12800.0  2.38625
   13000.0  2.16325
   13200.0  2.24763
   13400.0  2.33418
   13600.0  2.42297
   13800.0  2.51402
   14000.0  2.60737
   14200.0  2.70302
   14400.0  2.80100
   14600.0  2.90135
   14800.0  3.00405
   15000.0  3.10922
   15200.0  3.21680
   15400.0  3.32685
   15600.0  3.43936
   15800.0  3.55437
   16000.0  3.67192
   16200.0  3.79202
   16400.0  3.91469
   16600.0  4.03995
   16800.0  4.16785
   17000.0  4.29841
   17200.0  4.43163
   17400.0  4.56752
   17600.0  4.70613
   17800.0  4.84750
   18000.0  4.99162
   18200.0  5.13850
   18400.0  5.28823
   18600.0  5.44076
   18800.0  5.59616
   19000.0  5.75445
   19200.0  5.91561
   19400.0  6.07971
   19600.0  6.24674
   19800.0  6.41670
   20000.0  6.58971
   20200.0  6.76572
   20400.0  6.94472
   20600.0  7.12686
   20800.0  7.31201
   21000.0  7.50028
   21200.0  7.69167
   21400.0  7.88616
   21600.0  8.08387
   21800.0  8.28469
   22000.0  8.48879
   22200.0  8.69610
   22400.0  8.90665
   22600.0  9.12049
   22800.0  9.33757
   23000.0  9.55803
   23200.0  9.78174
   23400.0  10.0089
   23600.0  10.2393
   23800.0  10.4732
   24000.0  10.7105
   24200.0  10.9513
   24400.0  11.1954
   24600.0  11.4431
   24800.0  11.6942
   25000.0  11.9489
   25200.0  12.2071
   25400.0  12.4689
   25600.0  12.7342
   25800.0  13.0032
   26000.0  13.2757
   26200.0  13.5520
   26400.0  13.8318
   26600.0  14.1154
   26800.0  14.4026
   27000.0  14.6936
   27200.0  14.9882
   27400.0  15.2867
   27600.0  15.5889
   27800.0  15.8949
   28000.0  16.2047
   28200.0  16.5184
   28400.0  16.8359
   28600.0  17.1571
   28800.0  17.4825
   29000.0  17.8116
   29200.0  18.1447
   29400.0  18.4818
   29600.0  18.8228
   29800.0  19.1678
   30000.0  19.5167