8000	7.667634077362E-06
8200	7.294361641505E-06
8400	6.947631095346E-06
8600	6.625017338347E-06
8800	6.324336118449E-06
9000	6.043636474701E-06
9200	5.781220195079E-06
9400	5.535478301274E-06
9600	5.305101365911E-06
9800	5.088771651112E-06
10000	4.885418345992E-06
10200	4.694005506868E-06
10400	4.513622093535E-06
10600	4.343449177249E-06
10800	4.182695885277E-06
11000	4.030706271360E-06
11200	3.886866660162E-06
11400	3.750570973995E-06
11600	3.621321774050E-06
11800	3.498651546860E-06
12000	3.382099921089E-06
12200	3.271284072237E-06
12400	3.165836371153E-06
12600	3.065396278175E-06
12800	2.969669187218E-06
13000	2.878348549497E-06
13200	2.791182777916E-06
13400	2.707910959089E-06
13600	2.628315246854E-06
13800	2.552174602516E-06
14000	2.479305484727E-06
14200	2.409513506053E-06
14400	2.342617324244E-06
14600	2.278474501564E-06
14800	2.216936999035E-06
15000	2.157854855311E-06
15200	2.101107955964E-06
15400	2.046568855969E-06
15600	1.994125200547E-06
15800	1.943675970496E-06
16000	1.895124547879E-06
16200	1.848358844898E-06
16400	1.803306533641E-06
16600	1.759886885759E-06
16800	1.718006708204E-06
17000	1.677615711658E-06
17200	1.638633088538E-06
17400	1.600991068711E-06
17600	1.564629938373E-06
17800	1.529496451538E-06
18000	1.495533478490E-06
18200	1.462687764495E-06
18400	1.430910896581E-06
18600	1.400158468555E-06
18800	1.370389891525E-06
19000	1.341564639367E-06
19200	1.313638922777E-06
19400	1.286575039493E-06
19600	1.260337989432E-06
19800	1.234894792863E-06
20000	1.210218105428E-06
20000	1.210218105428E-06
20200	1.186272667836E-06
20400	1.163029704348E-06
20600	1.140462768073E-06
20800	1.118546448448E-06
21000	1.097258507115E-06
21200	1.076571791270E-06
21400	1.056463614938E-06
21600	1.036917147650E-06
21800	1.017907546047E-06
22000	9.994155688728E-07
22200	9.814221823510E-07
22400	9.639098200221E-07
22600	9.468638651687E-07
22800	9.302667870415E-07
23000	9.141020357397E-07
23200	8.983541908340E-07
23400	8.830129392357E-07
23600	8.680607133665E-07
23800	8.534849600460E-07
24000	8.392726106035E-07
24200	8.254121689674E-07
24400	8.118917022026E-07
24600	7.987005566208E-07
24800	7.858285516789E-07
25000	7.732670660717E-07
25200	7.610039400378E-07
25400	7.490300775370E-07
25600	7.373367751167E-07
25800	7.259169757467E-07
26000	7.147596197970E-07
26200	7.038554726899E-07
26400	6.931988182282E-07
26600	6.827866089105E-07
26800	6.726068412356E-07
27000	6.626510088710E-07
27200	6.529140770530E-07
27400	6.433917171489E-07
27600	6.340763766764E-07
27800	6.249617557354E-07
28000	6.160420862733E-07
28200	6.073118102664E-07
28400	5.987657362632E-07
28600	5.903984969024E-07
28800	5.822054510704E-07
29000	5.741814793643E-07
29200	5.663272752125E-07
29400	5.586347909504E-07
29600	5.510927809189E-07
29800	5.436944100994E-07
30000	5.364436855105E-07
30200	5.293544503597E-07
30400	5.224047230487E-07
30600	5.155816777015E-07
30800	5.088912238704E-07
31000	5.023317403804E-07
31200	4.958980876056E-07
31400	4.895847413765E-07
31600	4.833921408413E-07
31800	4.773172422488E-07
32000	4.713568168473E-07
32200	4.655080179759E-07
32400	4.597664473385E-07
32600	4.541294908081E-07
32800	4.485954133927E-07
33000	4.431617276746E-07
33200	4.378275823271E-07
33400	4.325890380175E-07
33600	4.274438245441E-07
33800	4.223897386855E-07
34000	4.174251380982E-07
34200	4.125471934814E-07
34400	4.077538976222E-07
34600	4.030442595003E-07
34800	3.984163525757E-07
35000	3.938676028924E-07
35200	3.893962159923E-07
35400	3.850004479739E-07
35600	3.806786037929E-07
35800	3.764289949369E-07
36000	3.722500205918E-07
36200	3.681402789984E-07
36400	3.640981572012E-07
36600	3.601223902663E-07
36800	3.562115366777E-07
37000	3.523639691422E-07
37200	3.485793248436E-07
37400	3.448552661124E-07
37600	3.411900200586E-07
37800	3.375823500765E-07
38000	3.340315286763E-07
38200	3.305373115762E-07
38400	3.270975787220E-07
38600	3.237112035332E-07
38800	3.203770883942E-07
39000	3.170941637660E-07
39200	3.138613873282E-07
39400	3.106777431523E-07
39600	3.075422409039E-07
39800	3.044539150727E-07
40000	3.014118242298E-07
40200	2.984159022761E-07
40400	2.954643850241E-07
40600	2.925563994562E-07
40800	2.896910939027E-07
41000	2.868676374187E-07
41200	2.840852191814E-07
41400	2.813430479089E-07
41600	2.786403512970E-07
41800	2.759763754763E-07
42000	2.733498966707E-07
42200	2.707602101594E-07
42400	2.682075850504E-07
42600	2.656913222943E-07
42800	2.632102694523E-07
43000	2.607637728178E-07
43200	2.583521159658E-07
43400	2.559737358300E-07
43600	2.536280231146E-07
43800	2.513143824044E-07
44000	2.490318508072E-07
44200	2.467802474077E-07
44400	2.445590160743E-07
44600	2.423675822188E-07
44800	2.402054150887E-07
45000	2.380720260508E-07
45200	2.359669067694E-07
45400	2.338895899029E-07
45600	2.318395883863E-07
45800	2.298163964693E-07
46000	2.278195488056E-07
46200	2.258487743998E-07
46400	2.239034402809E-07
46600	2.219834275589E-07
46800	2.200883015184E-07
47000	2.182173250728E-07
47200	2.163694717049E-07
47400	2.145449699123E-07
47600	2.127434279701E-07
47800	2.109644623321E-07
48000	2.092076974271E-07
48200	2.074733580862E-07
48400	2.057604816987E-07
48600	2.040687156328E-07
48800	2.023977144685E-07
49000	2.007471398217E-07
49200	1.991160913929E-07
49400	1.975048223322E-07
49600	1.959132940090E-07
49800	1.943411876248E-07
50000	1.927879154100E-07
50200	1.912531777642E-07
50400	1.897366810205E-07
50600	1.882381373045E-07
50800	1.867572643983E-07
51000	1.852937856074E-07
51200	1.838479548429E-07
51400	1.824189727029E-07
51600	1.810063198934E-07
51800	1.796097466732E-07
52000	1.782292626595E-07
52200	1.768646217023E-07
52400	1.755155823405E-07
52600	1.741819076954E-07
52800	1.728633653664E-07
53000	1.715597273304E-07
53200	1.702707698425E-07
53400	1.689962733406E-07
53600	1.677362619669E-07
53800	1.664905189118E-07
54000	1.652585953147E-07
54200	1.640398188701E-07
54400	1.628344652471E-07
54600	1.616422611242E-07
54800	1.604641615932E-07
55000	1.592981334890E-07
55200	1.581443842008E-07
55400	1.570038609101E-07
55600	1.558757001885E-07
55800	1.547589875845E-07
56000	1.536542231093E-07
56200	1.525614549094E-07
56400	1.514802951365E-07
56600	1.504105799768E-07
56800	1.493521484960E-07
57000	1.483050312406E-07
57200	1.472688815583E-07
57400	1.462435468364E-07
57600	1.452288665242E-07
57800	1.442246844550E-07
58000	1.432308755738E-07
58200	1.422473494081E-07
58400	1.412739134300E-07
58600	1.403104455266E-07
58800	1.393568101855E-07
59000	1.384128589758E-07
59200	1.374784612348E-07
59400	1.365534884958E-07
59600	1.356378144443E-07
59800	1.347313148744E-07
60000	1.338336470047E-07
60200	1.329451517358E-07
60400	1.320654703129E-07
60600	1.311944865582E-07
60800	1.303320862017E-07
61000	1.294783220275E-07
61200	1.286329161305E-07
61400	1.277957597745E-07
61600	1.269666649950E-07
61800	1.261455281164E-07
62000	1.253323270768E-07
62200	1.245269599578E-07
62400	1.237294053992E-07
62600	1.229395632023E-07
62800	1.221572568416E-07
63000	1.213823907659E-07
63200	1.206146739626E-07
63400	1.198542133236E-07
63600	1.191009177064E-07
63800	1.183546973950E-07
64000	1.176154640730E-07
64200	1.168832978200E-07
64400	1.161579439477E-07
64600	1.154393182133E-07
64800	1.147273376722E-07
65000	1.140219206539E-07
65200	1.133229327596E-07
65400	1.126303494361E-07
65600	1.119440926879E-07
65800	1.112640857034E-07
66000	1.105902613296E-07
66200	1.099225449040E-07
66400	1.092608544933E-07
66600	1.086051178125E-07
66800	1.079552636573E-07
67000	1.073111849998E-07
67200	1.066728435920E-07
67400	1.060401778983E-07
67600	1.054133983419E-07
67800	1.047921580618E-07
68000	1.041763919815E-07
68200	1.035658386380E-07
68400	1.029606344881E-07
68600	1.023607172340E-07
68800	1.017660254822E-07
69000	1.011764987277E-07
69200	1.005920773386E-07
69400	1.000127025410E-07
69600	9.943831640459E-08
69800	9.886886182758E-08
70000	9.830428252294E-08
70200	9.774466269586E-08
70400	9.718980637047E-08
70600	9.663965964143E-08
70800	9.609416936379E-08
71000	9.555328314005E-08
71200	9.501694930768E-08
71400	9.448511692670E-08
71600	9.395773576764E-08
71800	9.343475629967E-08
72000	9.291612967894E-08
72200	9.240174170745E-08
72400	9.189161163978E-08
72600	9.138569261654E-08
72800	9.088393842120E-08
73000	9.038625733342E-08
73200	8.989265103045E-08
73400	8.940307515555E-08
73600	8.891757672767E-08
73800	8.843611111010E-08
74000	8.795854447741E-08
74200	8.748483484611E-08
74400	8.701479118415E-08
74600	8.654852384048E-08
74800	8.608599247603E-08
75000	8.562717637400E-08
75200	8.517209290811E-08
75400	8.472062658823E-08
75600	8.427273026313E-08
75800	8.382836634840E-08
76000	8.338750658160E-08
76200	8.295013771697E-08
76400	8.251619974702E-08
76600	8.208565688384E-08
76800	8.165847380496E-08
77000	8.123461564605E-08
77200	8.081403699411E-08
77400	8.039670161848E-08
77600	7.998258949824E-08
77800	7.957166752895E-08
78000	7.916390303006E-08
78200	7.875926373844E-08
78400	7.835771780196E-08
78600	7.795923377326E-08
78800	7.756368706509E-08
79000	7.717114150569E-08
79200	7.678156681471E-08
79400	7.639501108920E-08
79600	7.601144363055E-08
79800	7.563075691075E-08
80000	7.525292215652E-08
80200	7.487792114600E-08
80400	7.450571552285E-08
80600	7.413627757396E-08
80800	7.376957992883E-08
81000	7.340559555446E-08
81200	7.304429775034E-08
81400	7.268566014362E-08
81600	7.232965668424E-08
81800	7.197626164024E-08
82000	7.162544959308E-08
82200	7.127719543308E-08
82400	7.093147435495E-08
82600	7.058826185334E-08
82800	7.024753371851E-08
83000	6.990926603207E-08
83200	6.957336886387E-08
83400	6.923988579979E-08
83600	6.890879376372E-08
83800	6.858006995463E-08
84000	6.825369184262E-08
84200	6.792973426524E-08
84400	6.760807720386E-08
84600	6.728869892884E-08
84800	6.697157796649E-08
85000	6.665669309548E-08
85200	6.634392850903E-08
85400	6.603335920143E-08
85600	6.572496467797E-08
85800	6.541872468256E-08
86000	6.511461919435E-08
86200	6.481262842453E-08
86400	6.451273281305E-08
86600	6.421494362307E-08
86800	6.391924132017E-08
87000	6.362557627828E-08
87200	6.333392982710E-08
87400	6.304428350972E-08
87600	6.275661907968E-08
87800	6.247091849813E-08
88000	6.218716393096E-08
88200	6.190527875097E-08
88400	6.162530505364E-08
88600	6.134722559724E-08
88800	6.107102333397E-08
89000	6.079668140739E-08
89200	6.052426966943E-08
89400	6.025368434571E-08
89600	5.998490914630E-08
89800	5.971792796248E-08
90000	5.945272486435E-08
90200	5.918925589445E-08
90400	5.892753392661E-08
90600	5.866754355071E-08
90800	5.840926952615E-08
91000	5.815269677965E-08
91200	5.789781040302E-08
91400	5.764459565101E-08
91600	5.739303793918E-08
91800	5.714312284178E-08
92000	5.689483608972E-08
92200	5.664816356849E-08
92400	5.640309131620E-08
92600	5.615960552156E-08
92800	5.591769252195E-08
93000	5.567733880153E-08
93200	5.543855740678E-08
93400	5.520130846624E-08
93600	5.496557889528E-08
93800	5.473135574864E-08
94000	5.449862621862E-08
94200	5.426737763335E-08
94400	5.403759745505E-08
94600	5.380927327836E-08
94800	5.358239282861E-08
95000	5.335694396023E-08
95200	5.313288933595E-08
95400	5.291024259473E-08
95600	5.268899196658E-08
95800	5.246912580423E-08
96000	5.225063258161E-08
96200	5.203350089236E-08
96400	5.181771944833E-08
96600	5.160330166866E-08
96800	5.139023619270E-08
97000	5.117848738925E-08
97200	5.096804443222E-08
97400	5.075889660660E-08
97600	5.055103330703E-08
97800	5.034444403648E-08
98000	5.013911840493E-08
98200	4.993502233229E-08
98400	4.973216962769E-08
98600	4.953055021260E-08
98800	4.933015411042E-08
99000	4.913097144518E-08
99200	4.893292248508E-08
99400	4.873606806967E-08
99600	4.854046800733E-08
99800	4.834611197420E-08
100000	4.815292091076E-08