2.080733E+00  1.2504E+04
2.224304E+00  1.0691E+04
2.377781E+00  9.1259E+03
2.541848E+00  7.7639E+03
2.717235E+00  6.6106E+03
2.904724E+00  5.6356E+03
3.105150E+00  4.7459E+03
3.284078E+00  4.0723E+03
3.319406E+00  3.9555E+03
3.334344E+00  3.9076E+03
3.347749E+00  3.8653E+03
3.367855E+00  1.2703E+04
3.418122E+00  1.2372E+04
3.453226E+00  1.2150E+04
3.506081E+00  1.1829E+04
3.520176E+00  1.1738E+04
3.541318E+00  1.5805E+04
3.548445E+00  1.5738E+04
3.594174E+00  1.5316E+04
3.729684E+00  1.4088E+04
3.786771E+00  1.3561E+04
3.793288E+00  1.3503E+04
3.801994E+00  1.3424E+04
3.824829E+00  1.5204E+04
3.881916E+00  1.4653E+04
4.055024E+00  1.3099E+04
4.334821E+00  1.0981E+04
4.633924E+00  9.2088E+03
4.953664E+00  7.7387E+03
5.295467E+00  6.5063E+03
5.660855E+00  5.4781E+03
6.051453E+00  4.6165E+03
6.469004E+00  3.8925E+03
6.915365E+00  3.2772E+03
7.392525E+00  2.7507E+03
7.902609E+00  2.3079E+03
8.447890E+00  1.9371E+03
9.030794E+00  1.6236E+03
9.653919E+00  1.3507E+03
1.032004E+01  1.1249E+03
1.103212E+01  9.3773E+02
1.179334E+01  7.8211E+02
1.260708E+01  6.5304E+02
1.347697E+01  5.4600E+02
1.440688E+01  4.5682E+02
1.540095E+01  3.8153E+02
1.646362E+01  3.1856E+02
1.759961E+01  2.6516E+02
1.881398E+01  2.2099E+02
2.011215E+01  1.8446E+02
2.149988E+01  1.5420E+02
2.298338E+01  1.2910E+02
2.456923E+01  1.0826E+02
2.500372E+01  1.0339E+02
2.538643E+01  9.9357E+01
2.548849E+01  9.8321E+01
2.564157E+01  5.8149E+02
2.602428E+01  5.5846E+02
2.626450E+01  5.4463E+02
2.807676E+01  4.5907E+02
3.001405E+01  3.8686E+02
3.208502E+01  3.2308E+02
3.429889E+01  2.6923E+02
3.666551E+01  2.2491E+02
3.919543E+01  1.8795E+02
4.189992E+01  1.5715E+02
4.479101E+01  1.3145E+02
4.788159E+01  1.1001E+02
5.118542E+01  9.2094E+01
5.471721E+01  7.6693E+01
5.849270E+01  6.3919E+01
6.252870E+01  5.3318E+01
6.684318E+01  4.4520E+01
7.145536E+01  3.7214E+01
7.638578E+01  3.1145E+01
8.165640E+01  2.6069E+01
8.729069E+01  2.1790E+01
9.331374E+01  1.8249E+01
9.975239E+01  1.5321E+01
1.066353E+02  1.2894E+01
1.139931E+02  1.0881E+01
1.218587E+02  9.2078E+00
1.302669E+02  7.8216E+00
1.392553E+02  6.6717E+00
1.488640E+02  5.7173E+00
1.591356E+02  4.9240E+00
1.701159E+02  4.2639E+00
1.818539E+02  3.7137E+00
1.944018E+02  3.2543E+00
2.078156E+02  2.8700E+00
2.221548E+02  2.5476E+00
2.374835E+02  2.2764E+00
2.538699E+02  2.0475E+00
2.713869E+02  1.8538E+00
2.901126E+02  1.6889E+00
3.101304E+02  1.5481E+00
3.315294E+02  1.4272E+00
3.544049E+02  1.3227E+00
3.788588E+02  1.2318E+00
4.050001E+02  1.1524E+00
4.329451E+02  1.0825E+00