2.080733E+00  6.3527E+03
2.224304E+00  5.4126E+03
2.323090E+00  4.8800E+03
2.358648E+00  4.7072E+03
2.368130E+00  4.6626E+03
2.377781E+00  1.8455E+04
2.382353E+00  1.8351E+04
2.415406E+00  1.7619E+04
2.417910E+00  1.7565E+04
2.452376E+00  1.6847E+04
2.462235E+00  1.6649E+04
2.477023E+00  2.2889E+04
2.513994E+00  2.1947E+04
2.541848E+00  2.1290E+04
2.643746E+00  1.9172E+04
2.684212E+00  1.8437E+04
2.695002E+00  1.8248E+04
2.711189E+00  2.0679E+04
2.717235E+00  2.0567E+04
2.751654E+00  1.9942E+04
2.904724E+00  1.7491E+04
3.105150E+00  1.4827E+04
3.319406E+00  1.2471E+04
3.548445E+00  1.0483E+04
3.793288E+00  8.8134E+03
4.055024E+00  7.4131E+03
4.334821E+00  6.2402E+03
4.633924E+00  5.2577E+03
4.953664E+00  4.4156E+03
5.295467E+00  3.6945E+03
5.660855E+00  3.0878E+03
6.051453E+00  2.5809E+03
6.469004E+00  2.1595E+03
6.915365E+00  1.8085E+03
7.392525E+00  1.5148E+03
7.902609E+00  1.2700E+03
8.447890E+00  1.0659E+03
9.030794E+00  8.9359E+02
9.653919E+00  7.4372E+02
1.032004E+01  6.1961E+02
1.103212E+01  5.1484E+02
1.179334E+01  4.2782E+02
1.260708E+01  3.5462E+02
1.347697E+01  2.9435E+02
1.440688E+01  2.4469E+02
1.540095E+01  2.0371E+02
1.646362E+01  1.6984E+02
1.759961E+01  1.4182E+02
1.860589E+01  1.2220E+02
1.881398E+01  1.1863E+02
1.889067E+01  1.1736E+02
1.896661E+01  1.1611E+02
1.908053E+01  7.5502E+02
1.936531E+01  7.2405E+02
2.011215E+01  6.5149E+02
2.149988E+01  5.4665E+02
2.298338E+01  4.6027E+02
2.456923E+01  3.8762E+02
2.626450E+01  3.2531E+02
2.807676E+01  2.7176E+02
3.001405E+01  2.2680E+02
3.208502E+01  1.8934E+02
3.429889E+01  1.5814E+02
3.666551E+01  1.3214E+02
3.919543E+01  1.1008E+02
4.189992E+01  9.1399E+01
4.479101E+01  7.5935E+01
4.788159E+01  6.3136E+01
5.118542E+01  5.2536E+01
5.471721E+01  4.3752E+01
5.849270E+01  3.6470E+01
6.252870E+01  3.0422E+01
6.684318E+01  2.5413E+01
7.145536E+01  2.1263E+01
7.638578E+01  1.7824E+01
8.165640E+01  1.4955E+01
8.729069E+01  1.2525E+01
9.331374E+01  1.0519E+01
9.975239E+01  8.8622E+00
1.066353E+02  7.4949E+00
1.139931E+02  6.3648E+00
1.218587E+02  5.4300E+00
1.302669E+02  4.6559E+00
1.392553E+02  4.0140E+00
1.488640E+02  3.4811E+00
1.591356E+02  3.0380E+00
1.701159E+02  2.6687E+00
1.818539E+02  2.3603E+00
1.944018E+02  2.1019E+00
2.078156E+02  1.8850E+00
2.221548E+02  1.7019E+00
2.374835E+02  1.5471E+00
2.538699E+02  1.4154E+00
2.713869E+02  1.3029E+00
2.901126E+02  1.2061E+00
3.101304E+02  1.1224E+00
3.315294E+02  1.0495E+00
3.544049E+02  9.8546E-01
3.788588E+02  9.2890E-01
4.050001E+02  8.7851E-01
4.329451E+02  8.3319E-01