2.0004844E+00  2.0856E+04
2.0104868E+00  2.0640E+04
2.0205393E+00  2.0427E+04
2.0306420E+00  2.0215E+04
2.0399144E+00  2.0024E+04
2.0407952E+00  6.2270E+04
2.0408856E+00  6.2263E+04
2.0509992E+00  6.1526E+04
2.0612542E+00  6.0790E+04
2.0715604E+00  6.0064E+04
2.0819182E+00  5.9346E+04
2.0923278E+00  5.8636E+04
2.1027895E+00  5.7936E+04
2.1133034E+00  5.7246E+04
2.1153256E+00  5.7113E+04
2.1168746E+00  8.3948E+04
2.1238699E+00  8.3276E+04
2.1344893E+00  8.2267E+04
2.1451617E+00  8.1270E+04
2.1558875E+00  8.0287E+04
2.1666670E+00  7.9314E+04
2.1775003E+00  7.8355E+04
2.1883878E+00  7.7408E+04
2.1993297E+00  7.6472E+04
2.2103264E+00  7.5549E+04
2.2213780E+00  7.4635E+04
2.2324849E+00  7.3733E+04
2.2436473E+00  7.2844E+04
2.2548656E+00  7.1964E+04
2.2661399E+00  7.1096E+04
2.2774706E+00  7.0238E+04
2.2888579E+00  6.9390E+04
2.3003022E+00  6.8553E+04
2.3118037E+00  6.7727E+04
2.3233628E+00  6.6908E+04
2.3349796E+00  6.6101E+04
2.3466545E+00  6.5302E+04
2.3583878E+00  6.4515E+04
2.3701797E+00  6.3737E+04
2.3820306E+00  6.2967E+04
2.3939407E+00  6.2207E+04
2.4059104E+00  6.1458E+04
2.4179400E+00  6.0716E+04
2.4300297E+00  5.9985E+04
2.4421798E+00  5.9261E+04
2.4543907E+00  5.8548E+04
2.4666627E+00  5.7844E+04
2.4789960E+00  5.7147E+04
2.4913910E+00  5.6459E+04
2.5038479E+00  5.5780E+04
2.5163672E+00  5.5110E+04
2.5289490E+00  5.4446E+04
2.5415938E+00  5.3792E+04
2.5483176E+00  5.3449E+04
2.5530823E+00  6.2412E+04
2.5543017E+00  6.2338E+04
2.5670732E+00  6.1566E+04
2.5799086E+00  6.0806E+04
2.5928082E+00  6.0052E+04
2.6057722E+00  5.9310E+04
2.6188011E+00  5.8577E+04
2.6318951E+00  5.7855E+04
2.6450545E+00  5.7140E+04
2.6582798E+00  5.6427E+04
2.6715712E+00  5.5716E+04
2.6849291E+00  5.5037E+04
2.6983537E+00  5.4381E+04
2.7118455E+00  5.3736E+04
2.7254047E+00  5.3099E+04
2.7390317E+00  5.2475E+04
2.7527269E+00  5.1856E+04
2.7664905E+00  5.1241E+04
2.7803230E+00  5.0634E+04
2.7942246E+00  5.0034E+04
2.8081957E+00  4.9442E+04
2.8222367E+00  4.8858E+04
2.8363479E+00  4.8283E+04
2.8505296E+00  4.7717E+04
2.8647823E+00  4.7155E+04
2.8791062E+00  4.6602E+04
2.8935017E+00  4.6056E+04
2.9045696E+00  4.5641E+04
2.9079692E+00  4.5515E+04
2.9128303E+00  4.8459E+04
2.9225091E+00  4.8060E+04
2.9371216E+00  4.7466E+04
2.9518072E+00  4.6880E+04
2.9665662E+00  4.6302E+04
2.9813991E+00  4.5731E+04
2.9963061E+00  4.5167E+04
3.0112876E+00  4.4606E+04
3.0263440E+00  4.4051E+04
3.0414758E+00  4.3507E+04
3.0566831E+00  4.2972E+04
3.0719666E+00  4.2449E+04
3.0873264E+00  4.1930E+04
3.1027630E+00  4.1422E+04
3.1182768E+00  4.0919E+04
3.1338682E+00  4.0423E+04
3.1495376E+00  3.9933E+04
3.1652853E+00  3.9448E+04
3.1671623E+00  3.9392E+04
3.1802379E+00  4.0723E+04
3.1811117E+00  4.0696E+04
3.1970172E+00  4.0211E+04
3.2130023E+00  3.9733E+04
3.2290673E+00  3.9261E+04
3.2452127E+00  3.8794E+04
3.2614387E+00  3.8332E+04
3.2777459E+00  3.7876E+04
3.2941347E+00  3.7425E+04
3.3106053E+00  3.6978E+04
3.3271584E+00  3.6536E+04
3.3437941E+00  3.6096E+04
3.3605131E+00  3.5661E+04
3.3773157E+00  3.5232E+04
3.3942023E+00  3.4808E+04
3.4111733E+00  3.4388E+04
3.4282291E+00  3.3973E+04
3.4453703E+00  3.3563E+04
3.4625971E+00  3.3159E+04
3.4799101E+00  3.2757E+04
3.4973097E+00  3.2360E+04
3.5147962E+00  3.1970E+04
3.5323702E+00  3.1582E+04
3.5500321E+00  3.1198E+04
3.5677822E+00  3.0821E+04
3.5856211E+00  3.0447E+04
3.6035492E+00  3.0077E+04
3.6215670E+00  2.9712E+04
3.6396748E+00  2.9351E+04
3.6578732E+00  2.8994E+04
3.6761626E+00  2.8642E+04
3.6945434E+00  2.8295E+04
3.7130161E+00  2.7950E+04
3.7315812E+00  2.7611E+04
3.7502391E+00  2.7275E+04
3.7689903E+00  2.6943E+04
3.7878352E+00  2.6619E+04
3.8067744E+00  2.6298E+04
3.8258083E+00  2.5980E+04
3.8449373E+00  2.5669E+04
3.8641620E+00  2.5360E+04
3.8834828E+00  2.5055E+04
3.9029002E+00  2.4755E+04
3.9224147E+00  2.4457E+04
3.9420268E+00  2.4164E+04
3.9617369E+00  2.3875E+04
3.9815456E+00  2.3589E+04
4.0014533E+00  2.3307E+04
4.0214606E+00  2.3027E+04
4.0415679E+00  2.2754E+04
4.0617757E+00  2.2481E+04
4.0820846E+00  2.2212E+04
4.1024950E+00  2.1937E+04
4.1230075E+00  2.1666E+04
4.1436226E+00  2.1398E+04
4.1643407E+00  2.1133E+04
4.1851624E+00  2.0871E+04
4.2060882E+00  2.0613E+04
4.2271186E+00  2.0358E+04
4.2482542E+00  2.0102E+04
4.2694955E+00  1.9848E+04
4.2908430E+00  1.9598E+04
4.3122972E+00  1.9350E+04
4.3338587E+00  1.9107E+04
4.3555280E+00  1.8866E+04
4.3773056E+00  1.8629E+04
4.3991921E+00  1.8395E+04
4.4211881E+00  1.8164E+04
4.4432940E+00  1.7936E+04
4.4655105E+00  1.7711E+04
4.4878381E+00  1.7490E+04
4.5102772E+00  1.7271E+04
4.5328286E+00  1.7055E+04
4.5554928E+00  1.6842E+04
4.5782702E+00  1.6632E+04
4.6011616E+00  1.6425E+04
4.6241674E+00  1.6221E+04
4.6472882E+00  1.6019E+04
4.6705247E+00  1.5820E+04
4.6938773E+00  1.5624E+04
4.7173467E+00  1.5430E+04
4.7409334E+00  1.5239E+04
4.7646381E+00  1.5051E+04
4.7884613E+00  1.4865E+04
4.8124036E+00  1.4681E+04
4.8364656E+00  1.4500E+04
4.8606479E+00  1.4321E+04
4.8849512E+00  1.4145E+04
4.9093759E+00  1.3971E+04
4.9339228E+00  1.3800E+04
4.9585924E+00  1.3630E+04
4.9833854E+00  1.3463E+04
5.0083023E+00  1.3298E+04
5.0333438E+00  1.3135E+04
5.0585105E+00  1.2975E+04
5.0838031E+00  1.2816E+04
5.1092221E+00  1.2659E+04
5.1347682E+00  1.2500E+04
5.1604421E+00  1.2344E+04
5.1862443E+00  1.2190E+04
5.2121755E+00  1.2038E+04
5.2382364E+00  1.1888E+04
5.2644276E+00  1.1740E+04
5.2907497E+00  1.1594E+04
5.3172034E+00  1.1450E+04
5.3437895E+00  1.1308E+04
5.3705084E+00  1.1168E+04
5.3973609E+00  1.1029E+04
5.4243477E+00  1.0893E+04
5.4514695E+00  1.0758E+04
5.4787268E+00  1.0625E+04
5.5061205E+00  1.0494E+04
5.5336511E+00  1.0364E+04
5.5613193E+00  1.0236E+04
5.5891259E+00  1.0109E+04
5.6170716E+00  9.9835E+03
5.6451569E+00  9.8601E+03
5.6733827E+00  9.7380E+03
5.7017496E+00  9.6178E+03
5.7302584E+00  9.4991E+03
5.7589096E+00  9.3820E+03
5.7877042E+00  9.2665E+03
5.8166427E+00  9.1524E+03
5.8457259E+00  9.0382E+03
5.8749546E+00  8.9250E+03
5.9043293E+00  8.8133E+03
5.9338510E+00  8.7030E+03
5.9635202E+00  8.5942E+03
5.9933378E+00  8.4871E+03
6.0233045E+00  8.3810E+03
6.0534210E+00  8.2766E+03
6.0836882E+00  8.1735E+03
6.1141066E+00  8.0717E+03
6.1446771E+00  7.9716E+03
6.1754005E+00  7.8725E+03
6.2062775E+00  7.7746E+03
6.2373089E+00  7.6783E+03
6.2684954E+00  7.5831E+03
6.2998379E+00  7.4892E+03
6.3313371E+00  7.3965E+03
6.3629938E+00  7.3049E+03
6.3948088E+00  7.2142E+03
6.4267828E+00  7.1249E+03
6.4589167E+00  7.0365E+03
6.4912113E+00  6.9494E+03
6.5236674E+00  6.8634E+03
6.5562857E+00  6.7786E+03
6.5890671E+00  6.6949E+03
6.6220125E+00  6.6121E+03
6.6551225E+00  6.5307E+03
6.6883981E+00  6.4501E+03
6.7218401E+00  6.3707E+03
6.7554493E+00  6.2924E+03
6.7892266E+00  6.2151E+03
6.8231727E+00  6.1386E+03
6.8572886E+00  6.0632E+03
6.8915750E+00  5.9890E+03
6.9260329E+00  5.9155E+03
6.9606631E+00  5.8430E+03
6.9954664E+00  5.7715E+03
7.0304437E+00  5.7011E+03
7.0655959E+00  5.6314E+03
7.1009239E+00  5.5626E+03
7.1364285E+00  5.4949E+03
7.1721107E+00  5.4279E+03
7.2079712E+00  5.3618E+03
7.2440111E+00  5.2966E+03
7.2802311E+00  5.2323E+03
7.3166323E+00  5.1687E+03
7.3532155E+00  5.1060E+03
7.3899815E+00  5.0440E+03
7.4269314E+00  4.9831E+03
7.4640661E+00  4.9226E+03
7.5013864E+00  4.8630E+03
7.5388934E+00  4.8044E+03
7.5765878E+00  4.7464E+03
7.6144708E+00  4.6891E+03
7.6525431E+00  4.6325E+03
7.6908058E+00  4.5767E+03
7.7292599E+00  4.5217E+03
7.7679062E+00  4.4671E+03
7.8067457E+00  4.4136E+03
7.8457794E+00  4.3606E+03
7.8850083E+00  4.3083E+03
7.9244334E+00  4.2566E+03
7.9640555E+00  4.2056E+03
8.0038758E+00  4.1553E+03
8.0438952E+00  4.1055E+03
8.0841147E+00  4.0565E+03
8.1245352E+00  4.0080E+03
8.1651579E+00  3.9602E+03
8.2059837E+00  3.9130E+03
8.2470136E+00  3.8666E+03
8.2882487E+00  3.8205E+03
8.3296899E+00  3.7750E+03
8.3713384E+00  3.7301E+03
8.4131951E+00  3.6859E+03
8.4552610E+00  3.6421E+03
8.4975373E+00  3.5990E+03
8.5400250E+00  3.5564E+03
9.030794E+00  3.1022E+03
9.653919E+00  2.6007E+03
1.032004E+01  2.1839E+03
1.099090E+01  1.8560E+03
1.103212E+01  1.8382E+03
1.115912E+01  1.7839E+03
1.120399E+01  1.7652E+03
1.127128E+01  4.4940E+03
1.143950E+01  4.3180E+03
1.179334E+01  3.9782E+03
1.256762E+01  3.3499E+03
1.260708E+01  3.3215E+03
1.275998E+01  3.2146E+03
1.281128E+01  3.1796E+03
1.288822E+01  4.3446E+03
1.308058E+01  4.1756E+03
1.315013E+01  4.1167E+03
1.335141E+01  3.9525E+03
1.340508E+01  3.9103E+03
1.347697E+01  4.4542E+03
1.348559E+01  4.4473E+03
1.368687E+01  4.2841E+03
1.440688E+01  3.7635E+03
1.540095E+01  3.1719E+03
1.646362E+01  2.6727E+03
1.759961E+01  2.2502E+03
1.881398E+01  1.8937E+03
2.011215E+01  1.5948E+03
2.149988E+01  1.3440E+03
2.298338E+01  1.1328E+03
2.456923E+01  9.5451E+02
2.626450E+01  8.0483E+02
2.807676E+01  6.7315E+02
3.001405E+01  5.6197E+02
3.208502E+01  4.6972E+02
3.429889E+01  3.9315E+02
3.666551E+01  3.2947E+02
3.919543E+01  2.7645E+02
4.189992E+01  2.3230E+02
4.479101E+01  1.9547E+02
4.788159E+01  1.6469E+02
5.118542E+01  1.3872E+02
5.471721E+01  1.1699E+02
5.849270E+01  9.8657E+01
6.252870E+01  8.3030E+01
6.684318E+01  6.9992E+01
7.145536E+01  5.9087E+01
7.458878E+01  5.3043E+01
7.573045E+01  5.1067E+01
7.603489E+01  5.0559E+01
7.638578E+01  2.1480E+02
7.649156E+01  2.1408E+02
7.763322E+01  2.0648E+02
8.165640E+01  1.8208E+02
8.729069E+01  1.5339E+02
9.331374E+01  1.2930E+02
9.975239E+01  1.0908E+02
1.066353E+02  9.1817E+01
1.139931E+02  7.7358E+01
1.218587E+02  6.5244E+01
1.302669E+02  5.5092E+01
1.392553E+02  4.6577E+01
1.488640E+02  3.9437E+01
1.591356E+02  3.3391E+01
1.701159E+02  2.8299E+01
1.818539E+02  2.4038E+01
1.944018E+02  2.0462E+01
2.078156E+02  1.7464E+01
2.221548E+02  1.4947E+01
2.374835E+02  1.2833E+01
2.538699E+02  1.1055E+01
2.713869E+02  9.5580E+00
2.901126E+02  8.2964E+00
3.101304E+02  7.2318E+00
3.315294E+02  6.3344E+00
3.544049E+02  5.6012E+00
3.788588E+02  4.9738E+00
4.050001E+02  4.4362E+00
4.329451E+02  3.9739E+00