2.080733E+00  2.2211E+03
2.224304E+00  1.8565E+03
2.377781E+00  1.5533E+03
2.541848E+00  1.3010E+03
2.717235E+00  1.0909E+03
2.904724E+00  9.1572E+02
3.105150E+00  7.6191E+02
3.319406E+00  6.2880E+02
3.548445E+00  5.1960E+02
3.793288E+00  4.2990E+02
4.055024E+00  3.5610E+02
4.334821E+00  2.9537E+02
4.402944E+00  2.8280E+02
4.470336E+00  2.7108E+02
4.488307E+00  2.6807E+02
4.515264E+00  2.4794E+03
4.582656E+00  2.3771E+03
4.633924E+00  2.3031E+03
4.953664E+00  1.9226E+03
5.295467E+00  1.6180E+03
5.660855E+00  1.3653E+03
6.051453E+00  1.1486E+03
6.469004E+00  9.6231E+02
6.915365E+00  8.0538E+02
7.392525E+00  6.7362E+02
7.902609E+00  5.6316E+02
8.447890E+00  4.7079E+02
9.030794E+00  3.9312E+02
9.653919E+00  3.2532E+02
1.032004E+01  2.6915E+02
1.103212E+01  2.2275E+02
1.179334E+01  1.8438E+02
1.260708E+01  1.5267E+02
1.347697E+01  1.2644E+02
1.440688E+01  1.0476E+02
1.540095E+01  8.6817E+01
1.646362E+01  7.1979E+01
1.759961E+01  5.9700E+01
1.881398E+01  4.9539E+01
2.011215E+01  4.0992E+01
2.149988E+01  3.3828E+01
2.298338E+01  2.7935E+01
2.456923E+01  2.3088E+01
2.626450E+01  1.9100E+01
2.807676E+01  1.5733E+01
3.001405E+01  1.2955E+01
3.208502E+01  1.0685E+01
3.429889E+01  8.8302E+00
3.666551E+01  7.3137E+00
3.919543E+01  6.0732E+00
4.189992E+01  5.0586E+00
4.479101E+01  4.2279E+00
4.788159E+01  3.5472E+00
5.118542E+01  2.9895E+00
5.471721E+01  2.5320E+00
5.849270E+01  2.1564E+00
6.252870E+01  1.8477E+00
6.684318E+01  1.5938E+00
7.145536E+01  1.3846E+00
7.638578E+01  1.2119E+00
8.165640E+01  1.0686E+00
8.729069E+01  9.4890E-01
9.331374E+01  8.4972E-01
9.975239E+01  7.6734E-01
1.066353E+02  6.9864E-01
1.139931E+02  6.4110E-01
1.218587E+02  5.9262E-01
1.302669E+02  5.5158E-01
1.392553E+02  5.1663E-01
1.488640E+02  4.8660E-01
1.591356E+02  4.6062E-01
1.701159E+02  4.3794E-01
1.818539E+02  4.1793E-01
1.944018E+02  4.0014E-01
2.078156E+02  3.8415E-01
2.221548E+02  3.6963E-01
2.374835E+02  3.5634E-01
2.538699E+02  3.4404E-01
2.713869E+02  3.3258E-01
2.901126E+02  3.2178E-01
3.101304E+02  3.1158E-01
3.315294E+02  3.0183E-01
3.544049E+02  2.9252E-01
3.788588E+02  2.8355E-01
4.050001E+02  2.7488E-01
4.329451E+02  2.6648E-01