2.080733E+00  1.3024E+03
2.224304E+00  1.0938E+03
2.377781E+00  9.1133E+02
2.541848E+00  7.5935E+02
2.717235E+00  6.3277E+02
2.904724E+00  5.2734E+02
3.105150E+00  4.3776E+02
3.319406E+00  3.6206E+02
3.548445E+00  2.9949E+02
3.793288E+00  2.4777E+02
4.055024E+00  2.0500E+02
4.334821E+00  1.6963E+02
4.633924E+00  1.4040E+02
4.953664E+00  1.1540E+02
5.295467E+00  9.4856E+01
5.660855E+00  7.7982E+01
6.051453E+00  6.4126E+01
6.469004E+00  5.2746E+01
6.915365E+00  4.3398E+01
7.392525E+00  3.5719E+01
7.902609E+00  2.9411E+01
8.447890E+00  2.4226E+01
9.030794E+00  1.9927E+01
9.653919E+00  1.6287E+01
1.032004E+01  1.3320E+01
1.103212E+01  1.0904E+01
1.179334E+01  8.9349E+00
1.260708E+01  7.3296E+00
1.347697E+01  6.0205E+00
1.440688E+01  4.9527E+00
1.540095E+01  4.0814E+00
1.646362E+01  3.3704E+00
1.759961E+01  2.7897E+00
1.881398E+01  2.3153E+00
2.011215E+01  1.9277E+00
2.149988E+01  1.6108E+00
2.298338E+01  1.3510E+00
2.456923E+01  1.1349E+00
2.626450E+01  9.5868E-01
2.807676E+01  8.1309E-01
3.001405E+01  6.9387E-01
3.208502E+01  5.9665E-01
3.429889E+01  5.1731E-01
3.666551E+01  4.5247E-01
3.919543E+01  3.9936E-01
4.189992E+01  3.5576E-01
4.479101E+01  3.1989E-01
4.788159E+01  2.9027E-01
5.118542E+01  2.6573E-01
5.471721E+01  2.4532E-01
5.849270E+01  2.2824E-01
6.252870E+01  2.1388E-01
6.684318E+01  2.0172E-01
7.145536E+01  1.9135E-01
7.638578E+01  1.8241E-01
8.165640E+01  1.7466E-01
8.729069E+01  1.6785E-01
9.331374E+01  1.6181E-01
9.975239E+01  1.5639E-01
1.066353E+02  1.5149E-01
1.139931E+02  1.4698E-01
1.218587E+02  1.4281E-01
1.302669E+02  1.3891E-01
1.392553E+02  1.3522E-01
1.488640E+02  1.3172E-01
1.591356E+02  1.2836E-01
1.701159E+02  1.2510E-01
1.818539E+02  1.2196E-01
1.944018E+02  1.1890E-01
2.078156E+02  1.1591E-01
2.221548E+02  1.1299E-01
2.374835E+02  1.1010E-01
2.538699E+02  1.0729E-01
2.713869E+02  1.0450E-01
2.901126E+02  1.0176E-01
3.101304E+02  9.9061E-02
3.315294E+02  9.6414E-02
3.544049E+02  9.3802E-02
3.788588E+02  9.1231E-02
4.050001E+02  8.8703E-02
4.329451E+02  8.6216E-02