2.080733E+00  1.1214E+01
2.224304E+00  9.1164E+00
2.377781E+00  7.4162E+00
2.541848E+00  6.0379E+00
2.717235E+00  4.9207E+00
2.904724E+00  4.0150E+00
3.105150E+00  3.2663E+00
3.319406E+00  2.6511E+00
3.548445E+00  2.1564E+00
3.793288E+00  1.7585E+00
4.055024E+00  1.4382E+00
4.334821E+00  1.1804E+00
4.633924E+00  9.7263E-01
4.953664E+00  8.0517E-01
5.295467E+00  6.7001E-01
5.660855E+00  5.6091E-01
6.051453E+00  4.7274E-01
6.469004E+00  4.0140E-01
6.915365E+00  3.4362E-01
7.392525E+00  2.9675E-01
7.902609E+00  2.5870E-01
8.447890E+00  2.2775E-01
9.030794E+00  2.0246E-01
9.653919E+00  1.8163E-01
1.032004E+01  1.6467E-01
1.103212E+01  1.5081E-01
1.179334E+01  1.3948E-01
1.260708E+01  1.3017E-01
1.347697E+01  1.2252E-01
1.440688E+01  1.1620E-01
1.540095E+01  1.1097E-01
1.646362E+01  1.0661E-01
1.759961E+01  1.0297E-01
1.881398E+01  9.9906E-02
2.011215E+01  9.7311E-02
2.149988E+01  9.5095E-02
2.298338E+01  9.3178E-02
2.456923E+01  9.1517E-02
2.626450E+01  9.0048E-02
2.807676E+01  8.8735E-02
3.001405E+01  8.7544E-02
3.208502E+01  8.6439E-02
3.429889E+01  8.5408E-02
3.666551E+01  8.4425E-02
3.919543E+01  8.3480E-02
4.189992E+01  8.2562E-02
4.479101E+01  8.1643E-02
4.788159E+01  8.0735E-02
5.118542E+01  7.9822E-02
5.471721E+01  7.8898E-02
5.849270E+01  7.7959E-02
6.252870E+01  7.7003E-02
6.684318E+01  7.6026E-02
7.145536E+01  7.5027E-02
7.638578E+01  7.4002E-02
8.165640E+01  7.2960E-02
8.729069E+01  7.1892E-02
9.331374E+01  7.0798E-02
9.975239E+01  6.9676E-02
1.066353E+02  6.8544E-02
1.139931E+02  6.7391E-02
1.218587E+02  6.6211E-02
1.302669E+02  6.5015E-02
1.392553E+02  6.3808E-02
1.488640E+02  6.2579E-02
1.591356E+02  6.1346E-02
1.701159E+02  6.0102E-02
1.818539E+02  5.8847E-02
1.944018E+02  5.7587E-02
2.078156E+02  5.6321E-02
2.221548E+02  5.5055E-02
2.374835E+02  5.3790E-02
2.538699E+02  5.2524E-02
2.713869E+02  5.1263E-02
2.901126E+02  5.0007E-02
3.101304E+02  4.8757E-02
3.315294E+02  4.7515E-02
3.544049E+02  4.6284E-02
3.788588E+02  4.5064E-02
4.050001E+02  4.3856E-02
4.329451E+02  4.2662E-02