2.080733E+00  3.7042E+03
2.224304E+00  3.1627E+03
2.377781E+00  2.7012E+03
2.541848E+00  2.3087E+03
2.717235E+00  1.9752E+03
2.904724E+00  1.6917E+03
3.105150E+00  1.4301E+03
3.319406E+00  1.1992E+03
3.548445E+00  1.0076E+03
3.793288E+00  8.4837E+02
4.055024E+00  7.1495E+02
4.334821E+00  6.0125E+02
4.633924E+00  5.0643E+02
4.911662E+00  4.3552E+02
4.953664E+00  4.2607E+02
4.986840E+00  4.1879E+02
5.006888E+00  4.1449E+02
5.036959E+00  1.2991E+03
5.112138E+00  1.2394E+03
5.252212E+00  1.1376E+03
5.295467E+00  1.1107E+03
5.332603E+00  1.0887E+03
5.354040E+00  1.0763E+03
5.386197E+00  1.4735E+03
5.466588E+00  1.4103E+03
5.600014E+00  1.3143E+03
5.660855E+00  1.2749E+03
5.685729E+00  1.2596E+03
5.708586E+00  1.2459E+03
5.742872E+00  1.4179E+03
5.828586E+00  1.3653E+03
6.051453E+00  1.2428E+03
6.469004E+00  1.0547E+03
6.915365E+00  8.9245E+02
7.392525E+00  7.5258E+02
7.902609E+00  6.3370E+02
8.447890E+00  5.3366E+02
9.030794E+00  4.4898E+02
9.653919E+00  3.7569E+02
1.032004E+01  3.1418E+02
1.103212E+01  2.6225E+02
1.179334E+01  2.1851E+02
1.260708E+01  1.8198E+02
1.347697E+01  1.5171E+02
1.440688E+01  1.2660E+02
1.540095E+01  1.0576E+02
1.646362E+01  8.8460E+01
1.759961E+01  7.4077E+01
1.881398E+01  6.2109E+01
2.011215E+01  5.2104E+01
2.149988E+01  4.3767E+01
2.298338E+01  3.6728E+01
2.456923E+01  3.0811E+01
2.626450E+01  2.5796E+01
2.807676E+01  2.1433E+01
3.001405E+01  1.7788E+01
3.208502E+01  1.4789E+01
3.429889E+01  1.2319E+01
3.526491E+01  1.1423E+01
3.580468E+01  1.0962E+01
3.594862E+01  1.0844E+01
3.616452E+01  5.9521E+01
3.666551E+01  5.7452E+01
3.670429E+01  5.7298E+01
3.919543E+01  4.8347E+01
4.189992E+01  4.0615E+01
4.479101E+01  3.4107E+01
4.788159E+01  2.8610E+01
5.118542E+01  2.3959E+01
5.471721E+01  2.0066E+01
5.849270E+01  1.6810E+01
6.252870E+01  1.4088E+01
6.684318E+01  1.1812E+01
7.145536E+01  9.9102E+00
7.638578E+01  8.2978E+00
8.165640E+01  6.9428E+00
8.729069E+01  5.7966E+00
9.331374E+01  4.8466E+00
9.975239E+01  4.0586E+00
1.066353E+02  3.4047E+00
1.139931E+02  2.8620E+00
1.218587E+02  2.4113E+00
1.302669E+02  2.0371E+00
1.392553E+02  1.7259E+00
1.488640E+02  1.4670E+00
1.591356E+02  1.2517E+00
1.701159E+02  1.0728E+00
1.818539E+02  9.2337E-01
1.944018E+02  7.9856E-01
2.078156E+02  6.9409E-01
2.221548E+02  6.0652E-01
2.374835E+02  5.3301E-01
2.538699E+02  4.7115E-01
2.713869E+02  4.1896E-01
2.901126E+02  3.7483E-01
3.101304E+02  3.3738E-01
3.315294E+02  3.0548E-01
3.544049E+02  2.7823E-01
3.788588E+02  2.5482E-01
4.050001E+02  2.3459E-01
4.329451E+02  2.1707E-01