2.0035635E+00  1.726758E+04
2.0135813E+00  1.704956E+04
2.0213134E+00  1.688317E+04
2.0236492E+00  1.921678E+04
2.0258868E+00  1.915957E+04
2.0337675E+00  1.896015E+04
2.0439363E+00  1.870577E+04
2.0541560E+00  1.845406E+04
2.0644268E+00  1.820501E+04
2.0747489E+00  1.795697E+04
2.080733E+00  1.781543E+04
2.0851227E+00  1.771642E+04
2.0955483E+00  1.748473E+04
2.1060260E+00  1.725535E+04
2.1165562E+00  1.702869E+04
2.1271389E+00  1.680889E+04
2.1377746E+00  1.659845E+04
2.1484635E+00  1.639031E+04
2.1592058E+00  1.618488E+04
2.1700018E+00  1.598175E+04
2.1808519E+00  1.578133E+04
2.1917561E+00  1.558321E+04
2.2027149E+00  1.538738E+04
2.2137285E+00  1.519427E+04
2.224304E+00  1.501116E+04
2.2247971E+00  1.500300E+04
2.2359211E+00  1.482271E+04
2.2471007E+00  1.464434E+04
2.2583362E+00  1.446789E+04
2.2608064E+00  1.442959E+04
2.2661935E+00  1.518947E+04
2.2696279E+00  1.513193E+04
2.2809760E+00  1.494356E+04
2.2923809E+00  1.475752E+04
2.3038428E+00  1.457340E+04
2.3153620E+00  1.439161E+04
2.3269388E+00  1.421132E+04
2.3385735E+00  1.403335E+04
2.3502664E+00  1.385731E+04
2.3620177E+00  1.368317E+04
2.3738278E+00  1.351054E+04
2.377781E+00  1.345547E+04
2.3856970E+00  1.335003E+04
2.3976254E+00  1.319390E+04
2.4096136E+00  1.303970E+04
2.4216616E+00  1.288745E+04
2.4337699E+00  1.273715E+04
2.4459388E+00  1.258838E+04
2.4581685E+00  1.244113E+04
2.4704593E+00  1.229583E+04
2.4828116E+00  1.215164E+04
2.4861428E+00  1.211300E+04
2.4952257E+00  1.247595E+04
2.4962571E+00  1.246379E+04
2.5077018E+00  1.233025E+04
2.5202403E+00  1.218650E+04
2.5328415E+00  1.204385E+04
2.541848E+00  1.194348E+04
2.5455057E+00  1.190443E+04
2.5582333E+00  1.177034E+04
2.5710244E+00  1.163739E+04
2.5838796E+00  1.150598E+04
2.5967990E+00  1.137572E+04
2.6097829E+00  1.124659E+04
2.6228319E+00  1.111902E+04
2.6359460E+00  1.099216E+04
2.6491257E+00  1.086519E+04
2.6623714E+00  1.073936E+04
2.6756832E+00  1.061507E+04
2.6890617E+00  1.049151E+04
2.7025070E+00  1.036907E+04
2.7160195E+00  1.024777E+04
2.717235E+00  1.023698E+04
2.7295996E+00  1.013166E+04
2.7432476E+00  1.001714E+04
2.7569638E+00  9.903776E+03
2.7707486E+00  9.791567E+03
2.7846024E+00  9.680097E+03
2.7985254E+00  9.569365E+03
2.8125180E+00  9.459787E+03
2.8265806E+00  9.351361E+03
2.8407135E+00  9.243257E+03
2.8549171E+00  9.136305E+03
2.8691917E+00  9.030504E+03
2.8835376E+00  8.925025E+03
2.8979553E+00  8.820695E+03
2.904724E+00  8.772496E+03
2.9124451E+00  8.719567E+03
2.9270073E+00  8.620576E+03
2.9416424E+00  8.522338E+03
2.9563506E+00  8.424853E+03
2.9711323E+00  8.328121E+03
2.9859880E+00  8.232141E+03
3.0009179E+00  8.136913E+03
3.0159225E+00  8.036630E+03
3.0310021E+00  7.937513E+03
3.0461571E+00  7.839147E+03
3.0613879E+00  7.741945E+03
3.0766949E+00  7.645494E+03
3.0920783E+00  7.550206E+03
3.105150E+00  7.469924E+03
3.1075387E+00  7.455729E+03
3.1230764E+00  7.365448E+03
3.1386918E+00  7.275517E+03
3.1543853E+00  7.186763E+03
3.1701572E+00  7.098773E+03
3.1860080E+00  7.010301E+03
3.2019380E+00  6.921762E+03
3.2179477E+00  6.833985E+03
3.2340374E+00  6.747385E+03
3.2502076E+00  6.661546E+03
3.2664587E+00  6.576467E+03
3.2827910E+00  6.491735E+03
3.2992049E+00  6.406934E+03
3.3157009E+00  6.322893E+03
3.319406E+00  6.304374E+03
3.3322794E+00  6.242492E+03
3.3489408E+00  6.163161E+03
3.3656856E+00  6.085019E+03
3.3825140E+00  6.008066E+03
3.3994265E+00  5.931474E+03
3.4164237E+00  5.856070E+03
3.4335058E+00  5.781025E+03
3.4506733E+00  5.707168E+03
3.4679267E+00  5.634085E+03
3.4852663E+00  5.561360E+03
3.5026927E+00  5.489822E+03
3.5202061E+00  5.419057E+03
3.5378072E+00  5.348649E+03
3.548445E+00  5.307021E+03
3.5554962E+00  5.280481E+03
3.5732737E+00  5.214273E+03
3.5911400E+00  5.148849E+03
3.6090957E+00  5.084209E+03
3.6271412E+00  5.020353E+03
3.6452769E+00  4.957281E+03
3.6635033E+00  4.894578E+03
3.6818208E+00  4.832244E+03
3.7002299E+00  4.770693E+03
3.7187311E+00  4.709759E+03
3.7373247E+00  4.649484E+03
3.7560114E+00  4.589825E+03
3.7747914E+00  4.530824E+03
3.793288E+00  4.473565E+03
3.7936654E+00  4.472440E+03
3.8126337E+00  4.416853E+03
3.8316969E+00  4.361850E+03
3.8508554E+00  4.307391E+03
3.8701096E+00  4.253351E+03
3.8894602E+00  4.199896E+03
3.9089075E+00  4.147066E+03
3.9284520E+00  4.094737E+03
3.9480943E+00  4.043034E+03
3.9678347E+00  3.991832E+03
3.9876739E+00  3.941213E+03
4.055024E+00  3.774690E+03
4.334821E+00  3.178148E+03
4.633924E+00  2.678216E+03
4.953664E+00  2.256646E+03
5.295467E+00  1.902512E+03
5.660855E+00  1.606156E+03
6.051453E+00  1.357963E+03
6.469004E+00  1.149901E+03
6.915365E+00  9.744766E+02
7.392525E+00  8.231220E+02
7.902609E+00  6.959981E+02
8.447890E+00  5.895284E+02
9.030794E+00  4.977857E+02
9.059218E+00  4.935262E+02
9.197879E+00  4.736876E+02
9.234856E+00  4.685604E+02
9.290320E+00  1.181673E+03
9.428982E+00  1.126251E+03
9.653919E+00  1.043356E+03
1.014163E+01  9.030815E+02
1.029686E+01  8.651121E+02
1.032004E+01  8.596770E+02
1.033825E+01  8.554620E+02
1.040034E+01  1.163955E+03
1.055557E+01  1.114603E+03
1.065299E+01  1.085222E+03
1.081605E+01  1.038460E+03
1.085953E+01  1.026488E+03
1.092475E+01  1.164008E+03
1.103212E+01  1.134835E+03
1.108781E+01  1.120258E+03
1.179334E+01  9.582500E+02
1.260708E+01  8.091355E+02
1.347697E+01  6.828097E+02
1.440688E+01  5.742818E+02
1.540095E+01  4.824080E+02
1.646362E+01  4.052040E+02
1.759961E+01  3.404947E+02
1.881398E+01  2.862304E+02
2.011215E+01  2.405220E+02
2.149988E+01  2.022353E+02
2.298338E+01  1.699122E+02
2.456923E+01  1.428837E+02
2.626450E+01  1.203076E+02
2.807676E+01  1.006549E+02
3.001405E+01  8.412188E+01
3.208502E+01  7.041238E+01
3.429889E+01  5.902190E+01
3.666551E+01  4.954880E+01
3.919543E+01  4.166263E+01
4.189992E+01  3.504218E+01
4.479101E+01  2.950266E+01
4.788159E+01  2.483342E+01
5.118542E+01  2.088222E+01
5.471721E+01  1.759609E+01
5.849270E+01  1.485865E+01
6.204752E+01  1.282496E+01
6.252870E+01  1.258166E+01
6.299723E+01  1.235178E+01
6.325049E+01  1.223090E+01
6.363037E+01  5.348191E+01
6.458008E+01  5.157139E+01
6.684318E+01  4.737856E+01
7.145536E+01  4.000254E+01
7.638578E+01  3.375318E+01
8.165640E+01  2.849627E+01
8.729069E+01  2.398993E+01
9.331374E+01  2.021209E+01
9.975239E+01  1.705129E+01
1.066353E+02  1.440602E+01
1.139931E+02  1.219106E+01
1.218587E+02  1.033568E+01
1.302669E+02  8.767628E+00
1.392553E+02  7.439445E+00
1.488640E+02  6.330323E+00
1.591356E+02  5.401639E+00
1.701159E+02  4.625061E+00
1.818539E+02  3.974555E+00
1.944018E+02  3.428995E+00
2.078156E+02  2.971024E+00
2.221548E+02  2.586122E+00
2.374835E+02  2.262073E+00
2.538699E+02  1.988868E+00
2.713869E+02  1.758046E+00
2.901126E+02  1.567398E+00
3.101304E+02  1.405479E+00
3.315294E+02  1.266895E+00
3.544049E+02  1.147821E+00
3.788588E+02  1.045252E+00
4.050001E+02  9.566111E-01