2.080733E+00  1.3485E+04
2.224304E+00  1.1351E+04
2.377781E+00  9.5595E+03
2.541848E+00  8.0554E+03
2.717235E+00  6.7930E+03
2.904724E+00  5.7328E+03
3.105150E+00  4.8128E+03
3.319406E+00  3.9962E+03
3.548445E+00  3.3194E+03
3.793288E+00  2.7563E+03
4.055024E+00  2.2844E+03
4.334821E+00  1.8954E+03
4.633924E+00  1.5745E+03
4.953664E+00  1.3095E+03
5.295467E+00  1.0905E+03
5.660855E+00  9.0922E+02
6.051453E+00  7.5906E+02
6.469004E+00  6.3452E+02
6.915365E+00  5.3112E+02
7.392525E+00  4.4514E+02
7.554722E+00  4.2042E+02
7.670355E+00  4.0397E+02
7.701191E+00  3.9974E+02
7.747444E+00  3.2081E+03
7.863078E+00  3.0703E+03
7.902609E+00  3.0250E+03
8.447890E+00  2.5247E+03
9.030794E+00  2.1355E+03
9.653919E+00  1.7921E+03
1.032004E+01  1.4992E+03
1.103212E+01  1.2522E+03
1.179334E+01  1.0461E+03
1.260708E+01  8.7406E+02
1.347697E+01  7.3050E+02
1.440688E+01  6.1066E+02
1.540095E+01  5.1053E+02
1.646362E+01  4.2354E+02
1.759961E+01  3.5139E+02
1.881398E+01  2.9146E+02
2.011215E+01  2.4184E+02
2.149988E+01  2.0074E+02
2.298338E+01  1.6670E+02
2.456923E+01  1.3849E+02
2.626450E+01  1.1512E+02
2.807676E+01  9.5310E+01
3.001405E+01  7.8861E+01
3.208502E+01  6.5301E+01
3.429889E+01  5.4012E+01
3.666551E+01  4.4586E+01
3.919543E+01  3.6855E+01
4.189992E+01  3.0511E+01
4.479101E+01  2.5305E+01
4.788159E+01  2.1030E+01
5.118542E+01  1.7519E+01
5.471721E+01  1.4633E+01
5.849270E+01  1.2262E+01
6.252870E+01  1.0312E+01
6.684318E+01  8.7062E+00
7.145536E+01  7.3840E+00
7.638578E+01  6.2943E+00
8.165640E+01  5.3887E+00
8.729069E+01  4.6303E+00
9.331374E+01  4.0062E+00
9.975239E+01  3.4918E+00
1.066353E+02  3.0668E+00
1.139931E+02  2.7149E+00
1.218587E+02  2.4228E+00
1.302669E+02  2.1795E+00
1.392553E+02  1.9762E+00
1.488640E+02  1.8053E+00
1.591356E+02  1.6613E+00
1.701159E+02  1.5389E+00
1.818539E+02  1.4345E+00
1.944018E+02  1.3446E+00
2.078156E+02  1.2667E+00
2.221548E+02  1.1987E+00
2.374835E+02  1.1388E+00
2.538699E+02  1.0854E+00
2.713869E+02  1.0376E+00
2.901126E+02  9.9413E-01
3.101304E+02  9.5444E-01
3.315294E+02  9.1795E-01
3.544049E+02  8.8399E-01
3.788588E+02  8.5223E-01
4.050001E+02  8.2229E-01
4.329451E+02  7.9393E-01