2.080733E+00  1.5710E+04
2.224304E+00  1.3214E+04
2.377781E+00  1.1119E+04
2.541848E+00  9.3619E+03
2.717235E+00  7.8879E+03
2.904724E+00  6.6517E+03
3.105150E+00  5.5796E+03
3.319406E+00  4.6579E+03
3.548445E+00  3.8795E+03
3.793288E+00  3.2225E+03
4.055024E+00  2.6806E+03
4.334821E+00  2.2333E+03
4.633924E+00  1.8547E+03
4.953664E+00  1.5411E+03
5.295467E+00  1.2821E+03
5.660855E+00  1.0678E+03
6.051453E+00  8.9053E+02
6.469004E+00  7.4363E+02
6.915365E+00  6.2175E+02
7.392525E+00  5.2052E+02
7.902609E+00  4.3634E+02
8.166144E+00  4.0030E+02
8.291136E+00  3.8467E+02
8.324467E+00  3.8064E+02
8.374464E+00  2.9718E+03
8.447890E+00  2.8965E+03
8.499456E+00  2.8451E+03
9.030794E+00  2.4190E+03
9.653919E+00  2.0443E+03
1.032004E+01  1.7134E+03
1.103212E+01  1.4288E+03
1.179334E+01  1.1932E+03
1.260708E+01  9.9680E+02
1.347697E+01  8.3280E+02
1.440688E+01  6.9597E+02
1.540095E+01  5.8177E+02
1.646362E+01  4.8638E+02
1.759961E+01  4.0422E+02
1.881398E+01  3.3559E+02
2.011215E+01  2.7871E+02
2.149988E+01  2.3155E+02
2.298338E+01  1.9232E+02
2.456923E+01  1.5981E+02
2.626450E+01  1.3285E+02
2.807676E+01  1.1001E+02
3.001405E+01  9.1029E+01
3.208502E+01  7.5374E+01
3.429889E+01  6.2469E+01
3.666551E+01  5.1762E+01
3.919543E+01  4.2768E+01
4.189992E+01  3.5386E+01
4.479101E+01  2.9327E+01
4.788159E+01  2.4352E+01
5.118542E+01  2.0265E+01
5.471721E+01  1.6906E+01
5.849270E+01  1.4144E+01
6.252870E+01  1.1872E+01
6.684318E+01  1.0002E+01
7.145536E+01  8.4614E+00
7.638578E+01  7.1919E+00
8.165640E+01  6.1383E+00
8.729069E+01  5.2578E+00
9.331374E+01  4.5329E+00
9.975239E+01  3.9351E+00
1.066353E+02  3.4414E+00
1.139931E+02  3.0325E+00
1.218587E+02  2.6932E+00
1.302669E+02  2.4108E+00
1.392553E+02  2.1750E+00
1.488640E+02  1.9771E+00
1.591356E+02  1.8105E+00
1.701159E+02  1.6695E+00
1.818539E+02  1.5493E+00
1.944018E+02  1.4464E+00
2.078156E+02  1.3575E+00
2.221548E+02  1.2801E+00
2.374835E+02  1.2122E+00
2.538699E+02  1.1523E+00
2.713869E+02  1.0986E+00
2.901126E+02  1.0504E+00
3.101304E+02  1.0065E+00
3.315294E+02  9.6627E-01
3.544049E+02  9.2916E-01
3.788588E+02  8.9463E-01
4.050001E+02  8.6220E-01
4.329451E+02  8.3163E-01