2.080733E+00  3.0081E+04
2.224304E+00  2.6119E+04
2.377781E+00  2.2724E+04
2.541848E+00  1.9813E+04
2.717235E+00  1.7300E+04
2.904724E+00  1.5136E+04
3.105150E+00  1.3021E+04
3.319406E+00  1.1019E+04
3.480666E+00  9.7996E+03
3.533942E+00  9.4411E+03
3.548445E+00  9.3469E+03
3.569459E+00  1.9868E+04
3.622734E+00  2.0138E+04
3.653048E+00  2.0307E+04
3.708962E+00  2.0657E+04
3.723872E+00  2.0758E+04
3.746238E+00  2.8435E+04
3.793288E+00  2.8194E+04
3.802152E+00  2.8141E+04
4.055024E+00  2.5302E+04
4.217332E+00  2.2764E+04
4.281883E+00  2.1755E+04
4.299097E+00  2.1491E+04
4.324917E+00  2.4538E+04
4.334821E+00  2.4377E+04
4.389468E+00  2.3499E+04
4.633924E+00  1.9975E+04
4.953664E+00  1.6570E+04
5.078556E+00  1.5497E+04
5.156289E+00  1.4885E+04
5.177018E+00  1.4728E+04
5.208111E+00  1.5445E+04
5.285844E+00  1.4875E+04
5.295467E+00  1.4807E+04
5.437040E+00  1.3863E+04
5.520260E+00  1.3354E+04
5.542452E+00  1.3222E+04
5.575740E+00  1.3604E+04
5.660855E+00  1.3118E+04
6.051453E+00  1.1201E+04
6.469004E+00  9.5817E+03
6.915365E+00  8.1970E+03
7.392525E+00  6.9865E+03
7.902609E+00  5.9364E+03
8.447890E+00  5.0525E+03
9.030794E+00  4.2889E+03
9.653919E+00  3.6018E+03
1.032004E+01  3.0316E+03
1.103212E+01  2.5517E+03
1.179334E+01  2.1495E+03
1.260708E+01  1.8139E+03
1.347697E+01  1.5337E+03
1.440688E+01  1.2987E+03
1.540095E+01  1.1009E+03
1.646362E+01  9.3229E+02
1.682297E+01  8.8358E+02
1.708047E+01  8.5095E+02
1.714913E+01  8.4255E+02
1.725213E+01  1.9621E+03
1.750963E+01  1.8890E+03
1.759961E+01  1.8643E+03
1.881398E+01  1.5671E+03
2.011215E+01  1.3121E+03
2.052865E+01  1.2424E+03
2.084286E+01  1.1932E+03
2.092665E+01  1.1805E+03
2.105234E+01  1.6341E+03
2.132225E+01  1.5816E+03
2.136655E+01  1.5732E+03
2.149988E+01  1.5484E+03
2.164861E+01  1.5213E+03
2.173564E+01  1.5058E+03
2.186619E+01  1.7075E+03
2.219255E+01  1.6469E+03
2.298338E+01  1.5104E+03
2.456923E+01  1.2783E+03
2.626450E+01  1.0818E+03
2.807676E+01  9.1152E+02
3.001405E+01  7.6618E+02
3.208502E+01  6.4459E+02
3.429889E+01  5.4287E+02
3.666551E+01  4.5638E+02
3.919543E+01  3.8416E+02
4.189992E+01  3.2380E+02
4.479101E+01  2.7223E+02
4.788159E+01  2.2872E+02
5.118542E+01  1.9241E+02
5.471721E+01  1.6206E+02
5.849270E+01  1.3667E+02
6.252870E+01  1.1540E+02
6.684318E+01  9.7576E+01
7.145536E+01  8.2620E+01
7.638578E+01  7.0015E+01
8.165640E+01  5.9242E+01
8.729069E+01  4.9961E+01
9.331374E+01  4.2195E+01
9.975239E+01  3.5612E+01
1.066353E+02  3.0115E+01
1.132940E+02  2.5918E+01
1.139931E+02  2.5528E+01
1.150281E+02  2.4970E+01
1.154905E+02  2.4725E+01
1.161841E+02  9.0197E+01
1.179182E+02  8.6965E+01
1.218587E+02  8.0201E+01
1.302669E+02  6.8039E+01
1.392553E+02  5.7714E+01
1.488640E+02  4.8978E+01
1.591356E+02  4.1597E+01
1.701159E+02  3.5346E+01
1.818539E+02  3.0058E+01
1.944018E+02  2.5597E+01
2.078156E+02  2.1831E+01
2.221548E+02  1.8653E+01
2.374835E+02  1.5969E+01
2.538699E+02  1.3711E+01
2.713869E+02  1.1803E+01
2.901126E+02  1.0187E+01
3.101304E+02  8.8164E+00
3.315294E+02  7.6538E+00
3.544049E+02  6.6662E+00
3.788588E+02  5.8265E+00
4.050001E+02  5.1118E+00
4.329451E+02  4.5026E+00