2.0004844E+00  1.4822E+04
2.0104868E+00  1.4662E+04
2.0205393E+00  1.4504E+04
2.0306420E+00  1.4348E+04
2.0407952E+00  1.4194E+04
2.0509992E+00  1.4041E+04
2.0612542E+00  1.3890E+04
2.0715604E+00  1.3742E+04
2.0819182E+00  1.3594E+04
2.0923278E+00  1.3450E+04
2.1027895E+00  1.3306E+04
2.1133034E+00  1.3165E+04
2.1238699E+00  1.3025E+04
2.1344893E+00  1.2886E+04
2.1451617E+00  1.2750E+04
2.1558875E+00  1.2615E+04
2.1666670E+00  1.2481E+04
2.1775003E+00  1.2349E+04
2.1883878E+00  1.2219E+04
2.1993297E+00  1.2091E+04
2.2103264E+00  1.1963E+04
2.2213780E+00  1.1838E+04
2.2324849E+00  1.1714E+04
2.2436473E+00  1.1591E+04
2.2548656E+00  1.1470E+04
2.2661399E+00  1.1350E+04
2.2774706E+00  1.1232E+04
2.2888579E+00  1.1114E+04
2.2942849E+00  1.1057E+04
2.2955150E+00  3.2265E+04
2.3003022E+00  3.2099E+04
2.3118037E+00  3.1706E+04
2.3233628E+00  3.1319E+04
2.3349796E+00  3.0935E+04
2.3466545E+00  3.0557E+04
2.3583878E+00  3.0183E+04
2.3701797E+00  2.9815E+04
2.3820306E+00  2.9450E+04
2.3842276E+00  2.9384E+04
2.3855726E+00  4.2853E+04
2.3939407E+00  4.2480E+04
2.4059104E+00  4.1954E+04
2.4179400E+00  4.1436E+04
2.4300297E+00  4.0923E+04
2.4421798E+00  4.0416E+04
2.4543907E+00  3.9917E+04
2.4666627E+00  3.9424E+04
2.4789960E+00  3.8937E+04
2.4913910E+00  3.8456E+04
2.5038479E+00  3.7981E+04
2.5163672E+00  3.7512E+04
2.5289490E+00  3.7049E+04
2.5415938E+00  3.6593E+04
2.5543017E+00  3.6141E+04
2.5670732E+00  3.5697E+04
2.5799086E+00  3.5257E+04
2.5928082E+00  3.4822E+04
2.6057722E+00  3.4394E+04
2.6188011E+00  3.3970E+04
2.6318951E+00  3.3553E+04
2.6450545E+00  3.3140E+04
2.6582798E+00  3.2732E+04
2.6715712E+00  3.2330E+04
2.6849291E+00  3.1933E+04
2.6983537E+00  3.1541E+04
2.7118455E+00  3.1154E+04
2.7254047E+00  3.0771E+04
2.7390317E+00  3.0393E+04
2.7527269E+00  3.0019E+04
2.7664905E+00  2.9650E+04
2.7803230E+00  2.9286E+04
2.7942246E+00  2.8926E+04
2.8081957E+00  2.8571E+04
2.8222367E+00  2.8220E+04
2.8363479E+00  2.7875E+04
2.8443469E+00  2.7680E+04
2.8498532E+00  3.2041E+04
2.8505296E+00  3.2023E+04
2.8647823E+00  3.1647E+04
2.8791062E+00  3.1275E+04
2.8935017E+00  3.0910E+04
2.9079692E+00  3.0546E+04
2.9225091E+00  3.0187E+04
2.9371216E+00  2.9834E+04
2.9518072E+00  2.9484E+04
2.9665662E+00  2.9138E+04
2.9813991E+00  2.8797E+04
2.9963061E+00  2.8457E+04
3.0112876E+00  2.8103E+04
3.0263440E+00  2.7748E+04
3.0414758E+00  2.7398E+04
3.0566831E+00  2.7053E+04
3.0719666E+00  2.6711E+04
3.0873264E+00  2.6375E+04
3.1027630E+00  2.6043E+04
3.1182768E+00  2.5712E+04
3.1338682E+00  2.5385E+04
3.1495376E+00  2.5063E+04
3.1652853E+00  2.4744E+04
3.1811117E+00  2.4431E+04
3.1970172E+00  2.4120E+04
3.2130023E+00  2.3814E+04
3.2290673E+00  2.3512E+04
3.2452127E+00  2.3213E+04
3.2614387E+00  2.2919E+04
3.2736807E+00  2.2700E+04
3.2777459E+00  2.2627E+04
3.2833195E+00  2.4066E+04
3.2941347E+00  2.3861E+04
3.3106053E+00  2.3555E+04
3.3271584E+00  2.3252E+04
3.3437941E+00  2.2954E+04
3.3605131E+00  2.2658E+04
3.3773157E+00  2.2367E+04
3.3942023E+00  2.2079E+04
3.4111733E+00  2.1796E+04
3.4282291E+00  2.1516E+04
3.4453703E+00  2.1242E+04
3.4625971E+00  2.0976E+04
3.4799101E+00  2.0714E+04
3.4973097E+00  2.0457E+04
3.5147962E+00  2.0201E+04
3.5323702E+00  1.9950E+04
3.5500321E+00  1.9703E+04
3.5540850E+00  1.9647E+04
3.5677822E+00  2.0319E+04
3.5691149E+00  2.0300E+04
3.5856211E+00  2.0073E+04
3.6035492E+00  1.9829E+04
3.6215670E+00  1.9590E+04
3.6396748E+00  1.9354E+04
3.6578732E+00  1.9120E+04
3.6761626E+00  1.8889E+04
3.6945434E+00  1.8662E+04
3.7130161E+00  1.8437E+04
3.7315812E+00  1.8213E+04
3.7502391E+00  1.7993E+04
3.7689903E+00  1.7775E+04
3.7878352E+00  1.7561E+04
3.8067744E+00  1.7349E+04
3.8258083E+00  1.7140E+04
3.8449373E+00  1.6933E+04
3.8641620E+00  1.6729E+04
3.8834828E+00  1.6529E+04
3.9029002E+00  1.6331E+04
3.9224147E+00  1.6135E+04
3.9420268E+00  1.5942E+04
3.9617369E+00  1.5752E+04
3.9815456E+00  1.5564E+04
4.0014533E+00  1.5379E+04
4.0214606E+00  1.5196E+04
4.0415679E+00  1.5016E+04
4.0617757E+00  1.4838E+04
4.0820846E+00  1.4661E+04
4.1024950E+00  1.4488E+04
4.1230075E+00  1.4317E+04
4.1436226E+00  1.4147E+04
4.1643407E+00  1.3979E+04
4.1851624E+00  1.3815E+04
4.2060882E+00  1.3653E+04
4.2271186E+00  1.3491E+04
4.2482542E+00  1.3332E+04
4.2694955E+00  1.3175E+04
4.2908430E+00  1.3018E+04
4.3122972E+00  1.2863E+04
4.3338587E+00  1.2709E+04
4.3555280E+00  1.2558E+04
4.3773056E+00  1.2409E+04
4.3991921E+00  1.2261E+04
4.4211881E+00  1.2115E+04
4.4432940E+00  1.1971E+04
4.4655105E+00  1.1829E+04
4.4878381E+00  1.1689E+04
4.5102772E+00  1.1550E+04
4.5328286E+00  1.1413E+04
4.5554928E+00  1.1278E+04
4.5782702E+00  1.1144E+04
4.6011616E+00  1.1010E+04
4.6241674E+00  1.0875E+04
4.6472882E+00  1.0741E+04
4.6705247E+00  1.0609E+04
4.6938773E+00  1.0479E+04
4.7173467E+00  1.0350E+04
4.7409334E+00  1.0223E+04
4.7646381E+00  1.0098E+04
4.7884613E+00  9.9718E+03
4.8124036E+00  9.8469E+03
4.8364656E+00  9.7236E+03
4.8606479E+00  9.6020E+03
4.8849512E+00  9.4820E+03
4.9093759E+00  9.3636E+03
4.9339228E+00  9.2467E+03
4.9585924E+00  9.1314E+03
4.9833854E+00  9.0176E+03
5.0083023E+00  8.9053E+03
5.0333438E+00  8.7944E+03
5.0585105E+00  8.6851E+03
5.0838031E+00  8.5772E+03
5.1092221E+00  8.4707E+03
5.1347682E+00  8.3655E+03
5.1604421E+00  8.2619E+03
5.1862443E+00  8.1595E+03
5.2121755E+00  8.0586E+03
5.2382364E+00  7.9589E+03
5.2644276E+00  7.8605E+03
5.2907497E+00  7.7634E+03
5.3172034E+00  7.6676E+03
5.3437895E+00  7.5731E+03
5.3705084E+00  7.4798E+03
5.3973609E+00  7.3877E+03
5.4243477E+00  7.2969E+03
5.4514695E+00  7.2072E+03
5.4787268E+00  7.1188E+03
5.5061205E+00  7.0315E+03
5.5336511E+00  6.9452E+03
5.5613193E+00  6.8602E+03
5.5891259E+00  6.7763E+03
5.6170716E+00  6.6934E+03
5.6451569E+00  6.6118E+03
5.6733827E+00  6.5310E+03
5.7017496E+00  6.4510E+03
5.7302584E+00  6.3705E+03
5.7589096E+00  6.2913E+03
5.7877042E+00  6.2130E+03
5.8166427E+00  6.1358E+03
5.8457259E+00  6.0596E+03
5.8749546E+00  5.9844E+03
5.9043293E+00  5.9102E+03
5.9338510E+00  5.8370E+03
5.9635202E+00  5.7648E+03
5.9933378E+00  5.6935E+03
6.0233045E+00  5.6232E+03
6.0534210E+00  5.5536E+03
6.0836882E+00  5.4852E+03
6.1141066E+00  5.4176E+03
6.1446771E+00  5.3509E+03
6.1754005E+00  5.2851E+03
6.2062775E+00  5.2200E+03
6.2373089E+00  5.1561E+03
6.2684954E+00  5.0927E+03
6.2998379E+00  5.0304E+03
6.3313371E+00  4.9687E+03
6.3629938E+00  4.9079E+03
6.3948088E+00  4.8479E+03
6.4267828E+00  4.7887E+03
6.4589167E+00  4.7303E+03
6.4912113E+00  4.6726E+03
6.5236674E+00  4.6156E+03
6.5562857E+00  4.5595E+03
6.5890671E+00  4.5036E+03
6.6220125E+00  4.4484E+03
6.6551225E+00  4.3938E+03
6.6883981E+00  4.3400E+03
6.7218401E+00  4.2869E+03
6.7554493E+00  4.2345E+03
6.7892266E+00  4.1824E+03
6.8231727E+00  4.1311E+03
6.8572886E+00  4.0804E+03
6.8915750E+00  4.0304E+03
6.9260329E+00  3.9810E+03
6.9606631E+00  3.9323E+03
6.9954664E+00  3.8842E+03
7.0304437E+00  3.8367E+03
7.0655959E+00  3.7899E+03
7.1009239E+00  3.7437E+03
7.1364285E+00  3.6978E+03
7.1721107E+00  3.6523E+03
7.2079712E+00  3.6075E+03
7.2440111E+00  3.5633E+03
7.2802311E+00  3.5196E+03
7.3166323E+00  3.4765E+03
7.3532155E+00  3.4340E+03
7.3899815E+00  3.3920E+03
7.4269314E+00  3.3506E+03
7.4640661E+00  3.3097E+03
7.5013864E+00  3.2693E+03
7.5388934E+00  3.2295E+03
7.5765878E+00  3.1902E+03
7.6144708E+00  3.1514E+03
7.6525431E+00  3.1131E+03
7.6908058E+00  3.0753E+03
7.7292599E+00  3.0379E+03
7.7679062E+00  3.0012E+03
7.8067457E+00  2.9647E+03
7.8457794E+00  2.9290E+03
7.8850083E+00  2.8935E+03
7.9244334E+00  2.8585E+03
7.9640555E+00  2.8241E+03
8.0038758E+00  2.7899E+03
8.0438952E+00  2.7563E+03
8.0841147E+00  2.7231E+03
8.1245352E+00  2.6904E+03
8.1651579E+00  2.6580E+03
8.2059837E+00  2.6262E+03
8.2470136E+00  2.5946E+03
8.2882487E+00  2.5635E+03
8.3296899E+00  2.5327E+03
8.3713384E+00  2.5025E+03
8.4131951E+00  2.4725E+03
8.4552610E+00  2.4430E+03
8.4975373E+00  2.4138E+03
8.5400250E+00  2.3850E+03
9.030794E+00  2.0801E+03
9.653919E+00  1.7496E+03
1.032004E+01  1.4722E+03
1.103212E+01  1.2373E+03
1.179334E+01  1.0419E+03
1.203822E+01  9.8874E+02
1.222248E+01  9.5129E+02
1.227162E+01  9.4165E+02
1.234532E+01  2.3551E+03
1.252958E+01  2.2619E+03
1.260708E+01  2.2244E+03
1.347697E+01  1.8558E+03
1.392453E+01  1.6992E+03
1.413766E+01  1.6309E+03
1.419449E+01  1.6134E+03
1.427974E+01  2.2101E+03
1.440688E+01  2.1584E+03
1.449287E+01  2.1241E+03
1.454251E+01  2.1048E+03
1.476510E+01  2.0211E+03
1.482446E+01  1.9993E+03
1.491350E+01  2.2731E+03
1.513609E+01  2.1900E+03
1.540095E+01  2.0964E+03
1.646362E+01  1.7694E+03
1.759961E+01  1.4920E+03
1.881398E+01  1.2579E+03
2.011215E+01  1.0597E+03
2.149988E+01  8.9301E+02
2.298338E+01  7.5307E+02
2.456923E+01  6.3555E+02
2.626450E+01  5.3609E+02
2.807676E+01  4.4960E+02
3.001405E+01  3.7606E+02
3.208502E+01  3.1417E+02
3.429889E+01  2.6278E+02
3.666551E+01  2.2008E+02
3.919543E+01  1.8453E+02
4.189992E+01  1.5493E+02
4.479101E+01  1.3025E+02
4.788159E+01  1.0965E+02
5.118542E+01  9.2432E+01
5.471721E+01  7.7954E+01
5.849270E+01  6.5768E+01
6.252870E+01  5.5557E+01
6.684318E+01  4.6869E+01
7.145536E+01  3.9558E+01
7.638578E+01  3.3448E+01
8.144026E+01  2.8462E+01
8.165640E+01  2.8269E+01
8.268679E+01  2.7371E+01
8.301920E+01  2.7092E+01
8.351781E+01  1.1119E+02
8.476435E+01  1.0714E+02
8.729069E+01  9.9522E+01
9.331374E+01  8.4120E+01
9.975239E+01  7.1030E+01
1.066353E+02  5.9962E+01
1.139931E+02  5.0640E+01
1.218587E+02  4.2752E+01
1.302669E+02  3.6091E+01
1.392553E+02  3.0495E+01
1.488640E+02  2.5800E+01
1.591356E+02  2.1859E+01
1.701159E+02  1.8549E+01
1.818539E+02  1.5760E+01
1.944018E+02  1.3414E+01
2.078156E+02  1.1444E+01
2.221548E+02  9.7886E+00
2.374835E+02  8.3965E+00
2.538699E+02  7.2245E+00
2.713869E+02  6.2371E+00
2.901126E+02  5.4042E+00
3.101304E+02  4.7007E+00
3.315294E+02  4.1059E+00
3.544049E+02  3.6017E+00
3.788588E+02  3.1738E+00
4.050001E+02  2.8099E+00
4.329451E+02  2.4995E+00