2.080733E+00  1.0406E+03
2.224304E+00  8.7071E+02
2.377781E+00  7.2932E+02
2.541848E+00  6.1157E+02
2.717235E+00  5.1338E+02
2.904724E+00  4.3143E+02
3.105150E+00  3.5932E+02
3.319406E+00  2.9679E+02
3.548445E+00  2.4543E+02
3.793288E+00  2.0320E+02
3.957338E+00  1.8039E+02
4.017909E+00  1.7287E+02
4.034062E+00  1.7093E+02
4.055024E+00  1.6139E+03
4.058290E+00  1.6101E+03
4.118862E+00  1.5441E+03
4.334821E+00  1.3412E+03
4.633924E+00  1.1266E+03
4.953664E+00  9.4975E+02
5.295467E+00  8.0095E+02
5.660855E+00  6.7143E+02
6.051453E+00  5.6223E+02
6.469004E+00  4.7041E+02
6.915365E+00  3.9328E+02
7.392525E+00  3.2874E+02
7.902609E+00  2.7483E+02
8.447890E+00  2.2912E+02
9.030794E+00  1.9043E+02
9.653919E+00  1.5745E+02
1.032004E+01  1.3022E+02
1.103212E+01  1.0772E+02
1.179334E+01  8.9131E+01
1.260708E+01  7.3769E+01
1.347697E+01  6.1073E+01
1.440688E+01  5.0580E+01
1.540095E+01  4.1904E+01
1.646362E+01  3.4731E+01
1.759961E+01  2.8782E+01
1.881398E+01  2.3721E+01
2.011215E+01  1.9561E+01
2.149988E+01  1.6140E+01
2.298338E+01  1.3331E+01
2.456923E+01  1.1020E+01
2.626450E+01  9.1207E+00
2.807676E+01  7.5153E+00
3.001405E+01  6.1913E+00
3.208502E+01  5.1102E+00
3.429889E+01  4.2273E+00
3.666551E+01  3.5058E+00
3.919543E+01  2.9162E+00
4.189992E+01  2.4338E+00
4.479101E+01  2.0392E+00
4.788159E+01  1.7162E+00
5.118542E+01  1.4513E+00
5.471721E+01  1.2342E+00
5.849270E+01  1.0559E+00
6.252870E+01  9.0943E-01
6.684318E+01  7.8889E-01
7.145536E+01  6.8953E-01
7.638578E+01  6.0751E-01
8.165640E+01  5.3937E-01
8.729069E+01  4.8241E-01
9.331374E+01  4.3515E-01
9.975239E+01  3.9579E-01
1.066353E+02  3.6290E-01
1.139931E+02  3.3525E-01
1.218587E+02  3.1189E-01
1.302669E+02  2.9202E-01
1.392553E+02  2.7500E-01
1.488640E+02  2.6031E-01
1.591356E+02  2.4749E-01
1.701159E+02  2.3622E-01
1.818539E+02  2.2621E-01
1.944018E+02  2.1723E-01
2.078156E+02  2.0911E-01
2.221548E+02  2.0167E-01
2.374835E+02  1.9479E-01
2.538699E+02  1.8839E-01
2.713869E+02  1.8236E-01
2.901126E+02  1.7665E-01
3.101304E+02  1.7123E-01
3.315294E+02  1.6602E-01
3.544049E+02  1.6100E-01
3.788588E+02  1.5615E-01
4.050001E+02  1.5144E-01
4.329451E+02  1.4687E-01