2.080733E+00  8.6632E+02
2.224304E+00  7.1309E+02
2.377781E+00  5.8706E+02
2.541848E+00  4.8331E+02
2.717235E+00  3.9799E+02
2.904724E+00  3.2776E+02
3.105150E+00  2.6859E+02
3.319406E+00  2.1909E+02
3.548445E+00  1.7876E+02
3.793288E+00  1.4590E+02
4.055024E+00  1.1912E+02
4.334821E+00  9.7296E+01
4.633924E+00  7.9510E+01
4.953664E+00  6.5009E+01
5.295467E+00  5.3189E+01
5.660855E+00  4.3344E+01
6.051453E+00  3.5336E+01
6.469004E+00  2.8841E+01
6.915365E+00  2.3572E+01
7.392525E+00  1.9296E+01
7.902609E+00  1.5824E+01
8.447890E+00  1.3006E+01
9.030794E+00  1.0704E+01
9.653919E+00  8.7997E+00
1.032004E+01  7.2611E+00
1.103212E+01  6.0179E+00
1.179334E+01  5.0120E+00
1.260708E+01  4.1982E+00
1.347697E+01  3.5392E+00
1.440688E+01  3.0051E+00
1.540095E+01  2.5720E+00
1.646362E+01  2.2202E+00
1.759961E+01  1.9342E+00
1.881398E+01  1.7014E+00
2.011215E+01  1.5113E+00
2.149988E+01  1.3561E+00
2.298338E+01  1.2288E+00
2.456923E+01  1.1242E+00
2.626450E+01  1.0379E+00
2.807676E+01  9.6565E-01
3.001405E+01  9.0548E-01
3.208502E+01  8.5523E-01
3.429889E+01  8.1302E-01
3.666551E+01  7.7721E-01
3.919543E+01  7.4655E-01
4.189992E+01  7.2006E-01
4.479101E+01  6.9685E-01
4.788159E+01  6.7638E-01
5.118542E+01  6.5796E-01
5.471721E+01  6.4127E-01
5.849270E+01  6.2590E-01
6.252870E+01  6.1159E-01
6.684318E+01  5.9818E-01
7.145536E+01  5.8541E-01
7.638578E+01  5.7316E-01
8.165640E+01  5.6137E-01
8.729069E+01  5.4988E-01
9.331374E+01  5.3865E-01
9.975239E+01  5.2766E-01
1.066353E+02  5.1681E-01
1.139931E+02  5.0610E-01
1.218587E+02  4.9553E-01
1.302669E+02  4.8506E-01
1.392553E+02  4.7467E-01
1.488640E+02  4.6438E-01
1.591356E+02  4.5423E-01
1.701159E+02  4.4415E-01
1.818539E+02  4.3414E-01
1.944018E+02  4.2427E-01
2.078156E+02  4.1451E-01
2.221548E+02  4.0485E-01
2.374835E+02  3.9536E-01
2.538699E+02  3.8595E-01
2.713869E+02  3.7671E-01
2.901126E+02  3.6761E-01
3.101304E+02  3.5864E-01
3.315294E+02  3.4986E-01
3.544049E+02  3.4123E-01
3.788588E+02  3.3278E-01
4.050001E+02  3.2451E-01
4.329451E+02  3.1641E-01