2.080733E+00  1.3230E+04
2.224304E+00  1.1292E+04
2.377781E+00  9.6030E+03
2.541848E+00  8.1746E+03
2.717235E+00  6.9662E+03
2.904724E+00  5.9390E+03
3.105150E+00  5.0045E+03
3.109834E+00  4.9840E+03
3.157434E+00  4.7812E+03
3.170127E+00  4.7291E+03
3.189167E+00  1.5275E+04
3.236766E+00  1.5007E+04
3.263694E+00  1.4861E+04
3.313649E+00  1.4597E+04
3.319406E+00  1.4568E+04
3.326970E+00  1.4530E+04
3.346952E+00  1.9440E+04
3.396906E+00  1.8941E+04
3.532214E+00  1.7515E+04
3.548445E+00  1.7327E+04
3.586279E+00  1.6885E+04
3.600696E+00  1.6718E+04
3.622322E+00  1.8901E+04
3.676386E+00  1.8223E+04
3.793288E+00  1.6810E+04
4.055024E+00  1.4027E+04
4.334821E+00  1.1701E+04
4.633924E+00  9.8099E+03
4.953664E+00  8.2421E+03
5.295467E+00  6.9409E+03
5.660855E+00  5.8547E+03
6.051453E+00  4.9418E+03
6.469004E+00  4.1654E+03
6.915365E+00  3.4952E+03
7.392525E+00  2.9310E+03
7.902609E+00  2.4577E+03
8.447890E+00  2.0630E+03
9.030794E+00  1.7296E+03
9.653919E+00  1.4393E+03
1.032004E+01  1.1987E+03
1.103212E+01  9.9882E+02
1.179334E+01  8.3329E+02
1.260708E+01  6.9608E+02
1.347697E+01  5.8187E+02
1.440688E+01  4.8594E+02
1.540095E+01  4.0536E+02
1.646362E+01  3.3740E+02
1.759961E+01  2.8094E+02
1.881398E+01  2.3429E+02
2.011215E+01  1.9567E+02
2.149988E+01  1.6367E+02
2.298338E+01  1.3711E+02
2.386329E+01  1.2419E+02
2.422855E+01  1.1933E+02
2.432595E+01  1.1808E+02
2.447205E+01  7.0855E+02
2.456923E+01  7.0096E+02
2.483731E+01  6.8057E+02
2.626450E+01  5.8723E+02
2.807676E+01  4.9381E+02
3.001405E+01  4.1407E+02
3.208502E+01  3.4652E+02
3.429889E+01  2.8940E+02
3.666551E+01  2.4179E+02
3.919543E+01  2.0210E+02
4.189992E+01  1.6900E+02
4.479101E+01  1.4137E+02
4.788159E+01  1.1834E+02
5.118542E+01  9.8635E+01
5.471721E+01  8.2136E+01
5.849270E+01  6.8454E+01
6.252870E+01  5.7102E+01
6.684318E+01  4.7684E+01
7.145536E+01  3.9862E+01
7.638578E+01  3.3366E+01
8.165640E+01  2.7923E+01
8.729069E+01  2.3347E+01
9.331374E+01  1.9564E+01
9.975239E+01  1.6432E+01
1.066353E+02  1.3838E+01
1.139931E+02  1.1679E+01
1.218587E+02  9.8914E+00
1.302669E+02  8.4106E+00
1.392553E+02  7.1826E+00
1.488640E+02  6.1636E+00
1.591356E+02  5.3165E+00
1.701159E+02  4.6116E+00
1.818539E+02  4.0241E+00
1.944018E+02  3.5334E+00
2.078156E+02  3.1228E+00
2.221548E+02  2.7781E+00
2.374835E+02  2.4882E+00
2.538699E+02  2.2434E+00
2.713869E+02  2.0359E+00
2.901126E+02  1.8593E+00
3.101304E+02  1.7083E+00
3.315294E+02  1.5785E+00
3.544049E+02  1.4662E+00
3.788588E+02  1.3685E+00
4.050001E+02  1.2828E+00
4.329451E+02  1.2073E+00