2.080733E+00  1.1533E+04
2.224304E+00  9.8187E+03
2.377781E+00  8.3681E+03
2.541848E+00  7.1337E+03
2.717235E+00  6.0893E+03
2.781142E+00  5.7641E+03
2.823710E+00  5.5617E+03
2.835062E+00  5.5095E+03
2.852089E+00  1.9543E+04
2.894658E+00  1.8844E+04
2.904724E+00  1.8684E+04
2.907562E+00  1.8639E+04
2.952066E+00  1.7957E+04
2.963933E+00  1.7782E+04
2.981735E+00  2.4418E+04
3.026238E+00  2.3823E+04
3.105150E+00  2.1818E+04
3.159520E+00  2.0547E+04
3.207880E+00  1.9502E+04
3.220776E+00  1.9237E+04
3.240120E+00  2.1789E+04
3.288480E+00  2.0814E+04
3.319406E+00  2.0242E+04
3.548445E+00  1.7041E+04
3.793288E+00  1.4857E+04
4.055024E+00  1.2632E+04
4.334821E+00  1.0625E+04
4.633924E+00  8.9355E+03
4.953664E+00  7.5192E+03
5.295467E+00  6.3314E+03
5.660855E+00  5.3332E+03
6.051453E+00  4.4723E+03
6.469004E+00  3.7469E+03
6.915365E+00  3.1359E+03
7.392525E+00  2.6274E+03
7.902609E+00  2.2038E+03
8.447890E+00  1.8506E+03
9.030794E+00  1.5512E+03
9.653919E+00  1.2904E+03
1.032004E+01  1.0747E+03
1.103212E+01  8.9618E+02
1.179334E+01  7.4786E+02
1.260708E+01  6.2412E+02
1.347697E+01  5.1988E+02
1.440688E+01  4.3259E+02
1.540095E+01  3.5957E+02
1.646362E+01  2.9930E+02
1.759961E+01  2.4950E+02
1.881398E+01  2.0830E+02
2.011215E+01  1.7418E+02
2.149988E+01  1.4586E+02
2.167486E+01  1.4276E+02
2.200661E+01  1.3715E+02
2.209508E+01  1.3571E+02
2.222779E+01  8.4021E+02
2.255954E+01  8.0626E+02
2.298338E+01  7.6556E+02
2.456923E+01  6.4235E+02
2.626450E+01  5.4148E+02
2.807676E+01  4.5438E+02
3.001405E+01  3.7975E+02
3.208502E+01  3.1713E+02
3.429889E+01  2.6494E+02
3.666551E+01  2.2141E+02
3.919543E+01  1.8511E+02
4.189992E+01  1.5484E+02
4.479101E+01  1.2942E+02
4.788159E+01  1.0761E+02
5.118542E+01  8.9542E+01
5.471721E+01  7.4565E+01
5.849270E+01  6.2150E+01
6.252870E+01  5.1852E+01
6.684318E+01  4.3308E+01
7.145536E+01  3.6201E+01
7.638578E+01  3.0297E+01
8.165640E+01  2.5371E+01
8.729069E+01  2.1233E+01
9.331374E+01  1.7811E+01
9.975239E+01  1.4969E+01
1.066353E+02  1.2614E+01
1.139931E+02  1.0666E+01
1.218587E+02  9.0553E+00
1.302669E+02  7.7215E+00
1.392553E+02  6.6159E+00
1.488640E+02  5.6987E+00
1.591356E+02  4.9365E+00
1.701159E+02  4.3022E+00
1.818539E+02  3.7733E+00
1.944018E+02  3.3313E+00
2.078156E+02  2.9611E+00
2.221548E+02  2.6500E+00
2.374835E+02  2.3875E+00
2.538699E+02  2.1656E+00
2.713869E+02  1.9770E+00
2.901126E+02  1.8157E+00
3.101304E+02  1.6773E+00
3.315294E+02  1.5576E+00
3.544049E+02  1.4535E+00
3.788588E+02  1.3623E+00
4.050001E+02  1.2819E+00
4.329451E+02  1.2102E+00