2.0089931E+00  1.3790E+04
2.0190381E+00  1.3619E+04
2.0291333E+00  1.3451E+04
2.0392790E+00  1.3285E+04
2.0494754E+00  1.3121E+04
2.0597227E+00  1.2959E+04
2.0700213E+00  1.2799E+04
2.0803714E+00  1.2640E+04
2.0907733E+00  1.2485E+04
2.1012272E+00  1.2330E+04
2.1117333E+00  1.2178E+04
2.1222920E+00  1.2028E+04
2.1329034E+00  1.1879E+04
2.1435680E+00  1.1733E+04
2.1542858E+00  1.1588E+04
2.1650572E+00  1.1445E+04
2.1758825E+00  1.1304E+04
2.1867619E+00  1.1164E+04
2.1976957E+00  1.1026E+04
2.2086842E+00  1.0890E+04
2.2197276E+00  1.0756E+04
2.2308263E+00  1.0623E+04
2.2419804E+00  1.0492E+04
2.2531903E+00  1.0363E+04
2.2644562E+00  1.0235E+04
2.2757785E+00  1.0108E+04
2.2871574E+00  9.9825E+03
2.2985932E+00  9.8585E+03
2.3100862E+00  9.7361E+03
2.3216366E+00  9.6158E+03
2.3332448E+00  9.4960E+03
2.3449110E+00  9.3784E+03
2.3566356E+00  9.2623E+03
2.3684187E+00  9.1473E+03
2.3802608E+00  9.0339E+03
2.3921621E+00  8.9220E+03
2.4041230E+00  8.8112E+03
2.4161436E+00  8.7015E+03
2.4282243E+00  8.5934E+03
2.4403654E+00  8.4853E+03
2.4525672E+00  8.3777E+03
2.4648301E+00  8.2717E+03
2.4771542E+00  8.1668E+03
2.4895400E+00  8.0634E+03
2.5019877E+00  7.9606E+03
2.5144976E+00  7.8588E+03
2.5270701E+00  7.7587E+03
2.5397055E+00  7.6596E+03
2.5524040E+00  7.5615E+03
2.5651660E+00  7.4651E+03
2.5779919E+00  7.3696E+03
2.5908818E+00  7.2753E+03
2.6038362E+00  7.1820E+03
2.6168554E+00  7.0903E+03
2.6299397E+00  7.0002E+03
2.6430894E+00  6.9107E+03
2.6563048E+00  6.8222E+03
2.6695863E+00  6.7352E+03
2.6829343E+00  6.6494E+03
2.6963489E+00  6.5646E+03
2.7098307E+00  6.4808E+03
2.7233798E+00  6.3982E+03
2.7369967E+00  6.3165E+03
2.7506817E+00  6.2360E+03
2.7644351E+00  6.1565E+03
2.7782573E+00  6.0780E+03
2.7921486E+00  6.0007E+03
2.8061093E+00  5.9243E+03
2.8201399E+00  5.8491E+03
2.8342406E+00  5.7743E+03
2.8484118E+00  5.7001E+03
2.8626539E+00  5.6270E+03
2.8769671E+00  5.5549E+03
2.8913520E+00  5.4839E+03
2.9058087E+00  5.4134E+03
2.9203378E+00  5.3440E+03
2.9349394E+00  5.2757E+03
2.9496141E+00  5.2082E+03
2.9643622E+00  5.1415E+03
2.9791840E+00  5.0757E+03
2.9940799E+00  5.0108E+03
3.0090503E+00  4.9442E+03
3.0240956E+00  4.8768E+03
3.0392161E+00  4.8103E+03
3.0544122E+00  4.7448E+03
3.0696842E+00  4.6803E+03
3.0850326E+00  4.6166E+03
3.1004578E+00  4.5538E+03
3.1159601E+00  4.4919E+03
3.1315399E+00  4.4308E+03
3.1471976E+00  4.3706E+03
3.1629336E+00  4.3112E+03
3.1787482E+00  4.2527E+03
3.1946420E+00  4.1950E+03
3.2106152E+00  4.1381E+03
3.2266683E+00  4.0820E+03
3.2428016E+00  4.0267E+03
3.2590156E+00  3.9721E+03
3.2753107E+00  3.9183E+03
3.2916873E+00  3.8653E+03
3.3081457E+00  3.8130E+03
3.3246864E+00  3.7614E+03
3.3413099E+00  3.7106E+03
3.3580164E+00  3.6604E+03
3.3748065E+00  3.6110E+03
3.3916805E+00  3.5621E+03
3.4086389E+00  3.5140E+03
3.4256821E+00  3.4664E+03
3.4428105E+00  3.4196E+03
3.4600246E+00  3.3733E+03
3.4773247E+00  3.3278E+03
3.4947113E+00  3.2829E+03
3.5121849E+00  3.2386E+03
3.5297458E+00  3.1949E+03
3.5473945E+00  3.1518E+03
3.5651315E+00  3.1093E+03
3.5829572E+00  3.0674E+03
3.6008719E+00  3.0261E+03
3.6188763E+00  2.9854E+03
3.6369707E+00  2.9452E+03
3.6551555E+00  2.9056E+03
3.6734313E+00  2.8665E+03
3.6917985E+00  2.8280E+03
3.7102575E+00  2.7900E+03
3.7288088E+00  2.7525E+03
3.7474528E+00  2.7156E+03
3.7661901E+00  2.6792E+03
3.7850210E+00  2.6432E+03
3.8039461E+00  2.6078E+03
3.8229659E+00  2.5728E+03
3.8420807E+00  2.5384E+03
3.8612911E+00  2.5044E+03
3.8805975E+00  2.4709E+03
3.9000005E+00  2.4378E+03
3.9195005E+00  2.4052E+03
3.9390980E+00  2.3731E+03
3.9587935E+00  2.3413E+03
3.9785875E+00  2.3101E+03
3.9984804E+00  2.2793E+03
4.0184728E+00  2.2488E+03
4.0385652E+00  2.2188E+03
4.0587580E+00  2.1893E+03
4.0790518E+00  2.1601E+03
4.0994471E+00  2.1313E+03
4.1199443E+00  2.1029E+03
4.1405440E+00  2.0749E+03
4.1612467E+00  2.0473E+03
4.1820530E+00  2.0201E+03
4.2029632E+00  1.9933E+03
4.2239781E+00  1.9668E+03
4.2450980E+00  1.9407E+03
4.2663234E+00  1.9149E+03
4.2876551E+00  1.8895E+03
4.3090933E+00  1.8644E+03
4.3306388E+00  1.8397E+03
4.3522920E+00  1.8154E+03
4.3740535E+00  1.7913E+03
4.3959237E+00  1.7676E+03
4.4179033E+00  1.7442E+03
4.4399929E+00  1.7212E+03
4.4621928E+00  1.6984E+03
4.4845038E+00  1.6760E+03
4.5069263E+00  1.6538E+03
4.5294609E+00  1.6320E+03
4.5521082E+00  1.6105E+03
4.5748688E+00  1.5892E+03
4.5977431E+00  1.5683E+03
4.6207318E+00  1.5476E+03
4.6438355E+00  1.5272E+03
4.6670547E+00  1.5071E+03
4.6903900E+00  1.4873E+03
4.7138419E+00  1.4677E+03
4.7374111E+00  1.4484E+03
4.7610982E+00  1.4294E+03
4.7849037E+00  1.4106E+03
4.8088282E+00  1.3921E+03
4.8328723E+00  1.3739E+03
4.8570367E+00  1.3558E+03
4.8813219E+00  1.3380E+03
4.9057285E+00  1.3205E+03
4.9302571E+00  1.3032E+03
4.9549084E+00  1.2862E+03
4.9796829E+00  1.2693E+03
5.0045814E+00  1.2528E+03
5.0296043E+00  1.2364E+03
5.0547523E+00  1.2202E+03
5.0800260E+00  1.2043E+03
5.1054262E+00  1.1885E+03
5.1309533E+00  1.1730E+03
5.1566081E+00  1.1577E+03
5.1823911E+00  1.1427E+03
5.2083031E+00  1.1278E+03
5.2343446E+00  1.1131E+03
5.2605163E+00  1.0986E+03
5.2868189E+00  1.0841E+03
5.3132530E+00  1.0696E+03
5.3398192E+00  1.0554E+03
5.3665183E+00  1.0413E+03
5.3933509E+00  1.0275E+03
5.4203177E+00  1.0137E+03
5.4474193E+00  1.0000E+03
5.4746564E+00  9.8654E+02
5.5020297E+00  9.7329E+02
5.5295398E+00  9.6020E+02
5.5571875E+00  9.4727E+02
5.5849734E+00  9.3455E+02
5.6128983E+00  9.2199E+02
5.6409628E+00  9.0964E+02
5.6691676E+00  8.9745E+02
5.6975135E+00  8.8542E+02
5.7260010E+00  8.7355E+02
5.7546310E+00  8.6189E+02
5.7834042E+00  8.5033E+02
5.8123212E+00  8.3899E+02
5.8413828E+00  8.2775E+02
5.8705897E+00  8.1673E+02
5.8999427E+00  8.0581E+02
5.9294424E+00  7.9511E+02
5.9590896E+00  7.8451E+02
5.9888850E+00  7.7407E+02
6.0188295E+00  7.6378E+02
6.0489236E+00  7.5361E+02
6.0791682E+00  7.4359E+02
6.1095641E+00  7.3373E+02
6.1401119E+00  7.2387E+02
6.1708125E+00  7.1402E+02
6.2016665E+00  7.0426E+02
6.2326749E+00  6.9467E+02
6.2638382E+00  6.8518E+02
6.2951574E+00  6.7586E+02
6.3266332E+00  6.6663E+02
6.3582664E+00  6.5757E+02
6.3900577E+00  6.4861E+02
6.4220080E+00  6.3982E+02
6.4541180E+00  6.3107E+02
6.4863886E+00  6.2254E+02
6.5188206E+00  6.1406E+02
6.5514147E+00  6.0574E+02
6.5841717E+00  5.9752E+02
6.915365E+00  5.2287E+02
7.392525E+00  4.3631E+02
7.902609E+00  3.6456E+02
8.447890E+00  3.0501E+02
9.030794E+00  2.5462E+02
9.653919E+00  2.1013E+02
1.032004E+01  1.7370E+02
1.088104E+01  1.4951E+02
1.103212E+01  1.4381E+02
1.104758E+01  1.4324E+02
1.109200E+01  1.4164E+02
1.115862E+01  1.0621E+03
1.132516E+01  1.0146E+03
1.179334E+01  8.9840E+02
1.260708E+01  7.5096E+02
1.347697E+01  6.3303E+02
1.440688E+01  5.3535E+02
1.540095E+01  4.4898E+02
1.646362E+01  3.7581E+02
1.759961E+01  3.1408E+02
1.881398E+01  2.6225E+02
2.011215E+01  2.1890E+02
2.149988E+01  1.8277E+02
2.298338E+01  1.5240E+02
2.456923E+01  1.2690E+02
2.626450E+01  1.0570E+02
2.807676E+01  8.7662E+01
3.001405E+01  7.2621E+01
3.208502E+01  6.0166E+01
3.429889E+01  4.9876E+01
3.666551E+01  4.1377E+01
3.919543E+01  3.4357E+01
4.189992E+01  2.8554E+01
4.479101E+01  2.3759E+01
4.788159E+01  1.9794E+01
5.118542E+01  1.6431E+01
5.471721E+01  1.3658E+01
5.849270E+01  1.1376E+01
6.252870E+01  9.4981E+00
6.684318E+01  7.9521E+00
7.145536E+01  6.6780E+00
7.638578E+01  5.6281E+00
8.165640E+01  4.7578E+00
8.729069E+01  4.0326E+00
9.331374E+01  3.4353E+00
9.975239E+01  2.9430E+00
1.066353E+02  2.5366E+00
1.139931E+02  2.2008E+00
1.218587E+02  1.9226E+00
1.302669E+02  1.6919E+00
1.392553E+02  1.4999E+00
1.488640E+02  1.3398E+00
1.591356E+02  1.2059E+00
1.701159E+02  1.0933E+00
1.818539E+02  9.9836E-01
1.944018E+02  9.1791E-01
2.078156E+02  8.4922E-01
2.221548E+02  7.9039E-01
2.374835E+02  7.3951E-01
2.538699E+02  6.9525E-01
2.713869E+02  6.5641E-01
2.901126E+02  6.2211E-01
3.101304E+02  5.9148E-01
3.315294E+02  5.6387E-01
3.544049E+02  5.3885E-01
3.788588E+02  5.1592E-01
4.050001E+02  4.9478E-01
4.329451E+02  4.7511E-01