2.080733E+00  1.0387E+04
2.224304E+00  8.8263E+03
2.377781E+00  7.5130E+03
2.541848E+00  6.4054E+03
2.717235E+00  5.4698E+03
2.904724E+00  4.6738E+03
3.105150E+00  3.9371E+03
3.319406E+00  3.2818E+03
3.548445E+00  2.7408E+03
3.793288E+00  2.2904E+03
3.850224E+00  2.2010E+03
3.909156E+00  2.1136E+03
3.924871E+00  2.0911E+03
3.948444E+00  7.1150E+03
4.007376E+00  6.7822E+03
4.055024E+00  6.5280E+03
4.072978E+00  6.4356E+03
4.135319E+00  6.1338E+03
4.151944E+00  6.0626E+03
4.176880E+00  8.3261E+03
4.239222E+00  7.9658E+03
4.334821E+00  7.4613E+03
4.375406E+00  7.2649E+03
4.442377E+00  6.9668E+03
4.460236E+00  6.8910E+03
4.487024E+00  7.8398E+03
4.553994E+00  7.5479E+03
4.633924E+00  7.2240E+03
4.953664E+00  6.1299E+03
5.295467E+00  5.2002E+03
5.660855E+00  4.3900E+03
6.051453E+00  3.6959E+03
6.469004E+00  3.1077E+03
6.915365E+00  2.6130E+03
7.392525E+00  2.1983E+03
7.902609E+00  1.8509E+03
8.447890E+00  1.5566E+03
9.030794E+00  1.3060E+03
9.653919E+00  1.0855E+03
1.032004E+01  9.0330E+02
1.103212E+01  7.5253E+02
1.179334E+01  6.2757E+02
1.260708E+01  5.2404E+02
1.347697E+01  4.3809E+02
1.440688E+01  3.6642E+02
1.540095E+01  3.0675E+02
1.646362E+01  2.5715E+02
1.759961E+01  2.1539E+02
1.881398E+01  1.8019E+02
2.011215E+01  1.5047E+02
2.149988E+01  1.2558E+02
2.298338E+01  1.0496E+02
2.456923E+01  8.7870E+01
2.626450E+01  7.3666E+01
2.807676E+01  6.1275E+01
2.861610E+01  5.8107E+01
2.905410E+01  5.5702E+01
2.917090E+01  5.5084E+01
2.934610E+01  3.1645E+02
2.978410E+01  3.0411E+02
3.001405E+01  2.9789E+02
3.208502E+01  2.4952E+02
3.429889E+01  2.0945E+02
3.666551E+01  1.7596E+02
3.919543E+01  1.4759E+02
4.189992E+01  1.2351E+02
4.479101E+01  1.0334E+02
4.788159E+01  8.6443E+01
5.118542E+01  7.2318E+01
5.471721E+01  6.0519E+01
5.849270E+01  5.0668E+01
6.252870E+01  4.2274E+01
6.684318E+01  3.5301E+01
7.145536E+01  2.9506E+01
7.638578E+01  2.4690E+01
8.165640E+01  2.0657E+01
8.729069E+01  1.7252E+01
9.331374E+01  1.4433E+01
9.975239E+01  1.2099E+01
1.066353E+02  1.0166E+01
1.139931E+02  8.5635E+00
1.218587E+02  7.2345E+00
1.302669E+02  6.1308E+00
1.392553E+02  5.2135E+00
1.488640E+02  4.4514E+00
1.591356E+02  3.8177E+00
1.701159E+02  3.2901E+00
1.818539E+02  2.8504E+00
1.944018E+02  2.4832E+00
2.078156E+02  2.1762E+00
2.221548E+02  1.9189E+00
2.374835E+02  1.7027E+00
2.538699E+02  1.5207E+00
2.713869E+02  1.3668E+00
2.901126E+02  1.2363E+00
3.101304E+02  1.1252E+00
3.315294E+02  1.0301E+00
3.544049E+02  9.4837E-01
3.788588E+02  8.7768E-01
4.050001E+02  8.1616E-01
4.329451E+02  7.6229E-01