2.038400E+00  4.4135E+03
2.069600E+00  4.2561E+03
2.077920E+00  4.2155E+03
2.080733E+00  1.7849E+04
2.090400E+00  1.7614E+04
2.112390E+00  1.7095E+04
2.121600E+00  1.6884E+04
2.144722E+00  1.6368E+04
2.153344E+00  1.6182E+04
2.166277E+00  2.2316E+04
2.198610E+00  2.1409E+04
2.224304E+00  2.0742E+04
2.325050E+00  1.8440E+04
2.360637E+00  1.7728E+04
2.370127E+00  1.7545E+04
2.377781E+00  2.0021E+04
2.384362E+00  1.9884E+04
2.419950E+00  1.9165E+04
2.541848E+00  1.6988E+04
2.717235E+00  1.4456E+04
2.904724E+00  1.2268E+04
3.105150E+00  1.0353E+04
3.319406E+00  8.6968E+03
3.548445E+00  7.3112E+03
3.793288E+00  6.1524E+03
4.055024E+00  5.1819E+03
4.334821E+00  4.3507E+03
4.633924E+00  3.6372E+03
4.953664E+00  3.0372E+03
5.295467E+00  2.5355E+03
5.660855E+00  2.1187E+03
6.051453E+00  1.7705E+03
6.469004E+00  1.4807E+03
6.915365E+00  1.2399E+03
7.392525E+00  1.0393E+03
7.902609E+00  8.7182E+02
8.447890E+00  7.3216E+02
9.030794E+00  6.1407E+02
9.653919E+00  5.0932E+02
1.032004E+01  4.2262E+02
1.103212E+01  3.4969E+02
1.179334E+01  2.8974E+02
1.260708E+01  2.4040E+02
1.347697E+01  1.9976E+02
1.440688E+01  1.6625E+02
1.540095E+01  1.3857E+02
1.646362E+01  1.1568E+02
1.669763E+01  1.1137E+02
1.695321E+01  1.0692E+02
1.702136E+01  1.0578E+02
1.712359E+01  7.1353E+02
1.737917E+01  6.8322E+02
1.759961E+01  6.5848E+02
1.881398E+01  5.4852E+02
2.011215E+01  4.6150E+02
2.149988E+01  3.8930E+02
2.298338E+01  3.2741E+02
2.456923E+01  2.7442E+02
2.626450E+01  2.2987E+02
2.807676E+01  1.9190E+02
3.001405E+01  1.6006E+02
3.208502E+01  1.3356E+02
3.429889E+01  1.1143E+02
3.666551E+01  9.2425E+01
3.919543E+01  7.6714E+01
4.189992E+01  6.3713E+01
4.479101E+01  5.2952E+01
4.788159E+01  4.4040E+01
5.118542E+01  3.6656E+01
5.471721E+01  3.0525E+01
5.849270E+01  2.5451E+01
6.252870E+01  2.1249E+01
6.684318E+01  1.7770E+01
7.145536E+01  1.4887E+01
7.638578E+01  1.2473E+01
8.165640E+01  1.0448E+01
8.729069E+01  8.7623E+00
9.331374E+01  7.3727E+00
9.975239E+01  6.2267E+00
1.066353E+02  5.2809E+00
1.139931E+02  4.4996E+00
1.218587E+02  3.8536E+00
1.302669E+02  3.3187E+00
1.392553E+02  2.8752E+00
1.488640E+02  2.5070E+00
1.591356E+02  2.2005E+00
1.701159E+02  1.9450E+00
1.818539E+02  1.7313E+00
1.944018E+02  1.5521E+00
2.078156E+02  1.4012E+00
2.221548E+02  1.2737E+00
2.374835E+02  1.1654E+00
2.538699E+02  1.0730E+00
2.713869E+02  9.9367E-01
2.901126E+02  9.2508E-01
3.101304E+02  8.6540E-01
3.315294E+02  8.1310E-01
3.544049E+02  7.6680E-01
3.788588E+02  7.2560E-01
4.050001E+02  6.8858E-01
4.329451E+02  6.5503E-01