2.080733E+00  1.1183E+02
2.224304E+00  9.0955E+01
2.377781E+00  7.3983E+01
2.541848E+00  6.0201E+01
2.717235E+00  4.9005E+01
2.904724E+00  3.9912E+01
3.105150E+00  3.2408E+01
3.319406E+00  2.6248E+01
3.548445E+00  2.1279E+01
3.793288E+00  1.7266E+01
4.055024E+00  1.4025E+01
4.334821E+00  1.1408E+01
4.633924E+00  9.2951E+00
4.953664E+00  7.5885E+00
5.295467E+00  6.2095E+00
5.660855E+00  5.0949E+00
6.051453E+00  4.1936E+00
6.469004E+00  3.4645E+00
6.915365E+00  2.8743E+00
7.392525E+00  2.3961E+00
7.902609E+00  2.0087E+00
8.447890E+00  1.6945E+00
9.030794E+00  1.4382E+00
9.653919E+00  1.2266E+00
1.032004E+01  1.0555E+00
1.103212E+01  9.1690E-01
1.179334E+01  8.0455E-01
1.260708E+01  7.1334E-01
1.347697E+01  6.3916E-01
1.440688E+01  5.7868E-01
1.540095E+01  5.2930E-01
1.646362E+01  4.8886E-01
1.759961E+01  4.5567E-01
1.881398E+01  4.2829E-01
2.011215E+01  4.0565E-01
2.149988E+01  3.8684E-01
2.298338E+01  3.7109E-01
2.456923E+01  3.5783E-01
2.626450E+01  3.4662E-01
2.807676E+01  3.3696E-01
3.001405E+01  3.2860E-01
3.208502E+01  3.2133E-01
3.429889E+01  3.1487E-01
3.666551E+01  3.0910E-01
3.919543E+01  3.0384E-01
4.189992E+01  2.9902E-01
4.479101E+01  2.9448E-01
4.788159E+01  2.9019E-01
5.118542E+01  2.8608E-01
5.471721E+01  2.8209E-01
5.849270E+01  2.7817E-01
6.252870E+01  2.7432E-01
6.684318E+01  2.7045E-01
7.145536E+01  2.6664E-01
7.638578E+01  2.6277E-01
8.165640E+01  2.5889E-01
8.729069E+01  2.5497E-01
9.331374E+01  2.5099E-01
9.975239E+01  2.4698E-01
1.066353E+02  2.4292E-01
1.139931E+02  2.3880E-01
1.218587E+02  2.3464E-01
1.302669E+02  2.3044E-01
1.392553E+02  2.2618E-01
1.488640E+02  2.2189E-01
1.591356E+02  2.1756E-01
1.701159E+02  2.1321E-01
1.818539E+02  2.0883E-01
1.944018E+02  2.0443E-01
2.078156E+02  2.0002E-01
2.221548E+02  1.9558E-01
2.374835E+02  1.9116E-01
2.538699E+02  1.8674E-01
2.713869E+02  1.8232E-01
2.901126E+02  1.7791E-01
3.101304E+02  1.7353E-01
3.315294E+02  1.6917E-01
3.544049E+02  1.6484E-01
3.788588E+02  1.6054E-01
4.050001E+02  1.5628E-01
4.329451E+02  1.5206E-01