2.0004844E+00  1.2087E+04
2.0104868E+00  1.1960E+04
2.0205393E+00  1.1834E+04
2.0306420E+00  1.1709E+04
2.0407952E+00  1.1587E+04
2.0509992E+00  1.1464E+04
2.0612542E+00  1.1344E+04
2.0715604E+00  1.1225E+04
2.0819182E+00  1.1107E+04
2.0923278E+00  1.0992E+04
2.1027895E+00  1.0876E+04
2.1133034E+00  1.0762E+04
2.1238699E+00  1.0651E+04
2.1344893E+00  1.0539E+04
2.1451617E+00  1.0429E+04
2.1558875E+00  1.0321E+04
2.1666670E+00  1.0214E+04
2.1775003E+00  1.0108E+04
2.1883878E+00  1.0003E+04
2.1993297E+00  9.8990E+03
2.2103264E+00  9.7961E+03
2.2213780E+00  9.6946E+03
2.2324849E+00  9.5942E+03
2.2436473E+00  9.4949E+03
2.2548656E+00  9.3967E+03
2.2661399E+00  9.2997E+03
2.2774706E+00  9.2038E+03
2.2888579E+00  9.1089E+03
2.3003022E+00  9.0150E+03
2.3118037E+00  8.9223E+03
2.3233628E+00  8.8306E+03
2.3349796E+00  8.7398E+03
2.3466545E+00  8.6502E+03
2.3583878E+00  8.5615E+03
2.3701797E+00  8.4739E+03
2.3820306E+00  8.3871E+03
2.3939407E+00  8.3014E+03
2.4059104E+00  8.2166E+03
2.4179400E+00  8.1327E+03
2.4300297E+00  8.0498E+03
2.4421798E+00  7.9678E+03
2.4543907E+00  7.8867E+03
2.4666627E+00  7.8066E+03
2.4789960E+00  7.7273E+03
2.4913910E+00  7.6488E+03
2.5038479E+00  7.5713E+03
2.5163672E+00  7.4946E+03
2.5289490E+00  7.4188E+03
2.5415938E+00  7.3437E+03
2.5543017E+00  7.2695E+03
2.5670732E+00  7.1962E+03
2.5788933E+00  7.1293E+03
2.5799086E+00  2.0054E+04
2.5803069E+00  2.0047E+04
2.5928082E+00  1.9807E+04
2.6057722E+00  1.9563E+04
2.6188011E+00  1.9322E+04
2.6318951E+00  1.9084E+04
2.6450545E+00  1.8848E+04
2.6582798E+00  1.8617E+04
2.6715712E+00  1.8388E+04
2.6849291E+00  1.8161E+04
2.6868259E+00  1.8130E+04
2.6883739E+00  2.6304E+04
2.6983537E+00  2.6058E+04
2.7118455E+00  2.5730E+04
2.7254047E+00  2.5406E+04
2.7390317E+00  2.5085E+04
2.7527269E+00  2.4769E+04
2.7664905E+00  2.4456E+04
2.7803230E+00  2.4148E+04
2.7942246E+00  2.3843E+04
2.8081957E+00  2.3544E+04
2.8222367E+00  2.3247E+04
2.8363479E+00  2.2954E+04
2.8505296E+00  2.2665E+04
2.8647823E+00  2.2380E+04
2.8791062E+00  2.2099E+04
2.8935017E+00  2.1821E+04
2.9079692E+00  2.1546E+04
2.9225091E+00  2.1276E+04
2.9371216E+00  2.1008E+04
2.9518072E+00  2.0745E+04
2.9665662E+00  2.0484E+04
2.9813991E+00  2.0225E+04
2.9963061E+00  1.9970E+04
3.0112876E+00  1.9710E+04
3.0263440E+00  1.9449E+04
3.0414758E+00  1.9192E+04
3.0566831E+00  1.8938E+04
3.0719666E+00  1.8687E+04
3.0873264E+00  1.8440E+04
3.1027630E+00  1.8196E+04
3.1182768E+00  1.7955E+04
3.1338682E+00  1.7717E+04
3.1495376E+00  1.7482E+04
3.1652853E+00  1.7251E+04
3.1735006E+00  1.7132E+04
3.1802992E+00  2.0017E+04
3.1811117E+00  2.0003E+04
3.1970172E+00  1.9733E+04
3.2130023E+00  1.9467E+04
3.2290673E+00  1.9203E+04
3.2452127E+00  1.8943E+04
3.2614387E+00  1.8688E+04
3.2777459E+00  1.8435E+04
3.2941347E+00  1.8186E+04
3.3106053E+00  1.7940E+04
3.3271584E+00  1.7698E+04
3.3437941E+00  1.7465E+04
3.3605131E+00  1.7237E+04
3.3773157E+00  1.7013E+04
3.3942023E+00  1.6791E+04
3.4111733E+00  1.6574E+04
3.4282291E+00  1.6359E+04
3.4453703E+00  1.6147E+04
3.4625971E+00  1.5940E+04
3.4799101E+00  1.5735E+04
3.4973097E+00  1.5533E+04
3.5147962E+00  1.5332E+04
3.5323702E+00  1.5134E+04
3.5500321E+00  1.4940E+04
3.5677822E+00  1.4748E+04
3.5856211E+00  1.4559E+04
3.6035492E+00  1.4373E+04
3.6215670E+00  1.4189E+04
3.6396748E+00  1.4008E+04
3.6578732E+00  1.3830E+04
3.6761626E+00  1.3654E+04
3.6909034E+00  1.3515E+04
3.6945434E+00  1.3481E+04
3.7016966E+00  1.4374E+04
3.7130161E+00  1.4258E+04
3.7315812E+00  1.4072E+04
3.7502391E+00  1.3889E+04
3.7689903E+00  1.3708E+04
3.7878352E+00  1.3530E+04
3.8067744E+00  1.3354E+04
3.8258083E+00  1.3181E+04
3.8449373E+00  1.3010E+04
3.8641620E+00  1.2842E+04
3.8834828E+00  1.2677E+04
3.9029002E+00  1.2520E+04
3.9224147E+00  1.2365E+04
3.9420268E+00  1.2211E+04
3.9617369E+00  1.2060E+04
3.9815456E+00  1.1912E+04
3.9904219E+00  1.1846E+04
4.0014533E+00  1.2282E+04
4.0077780E+00  1.2235E+04
4.0214606E+00  1.2135E+04
4.0415679E+00  1.1990E+04
4.0617757E+00  1.1847E+04
4.0820846E+00  1.1707E+04
4.1024950E+00  1.1568E+04
4.1230075E+00  1.1432E+04
4.1436226E+00  1.1294E+04
4.1643407E+00  1.1159E+04
4.1851624E+00  1.1025E+04
4.2060882E+00  1.0893E+04
4.2271186E+00  1.0762E+04
4.2482542E+00  1.0633E+04
4.2694955E+00  1.0506E+04
4.2908430E+00  1.0380E+04
4.3122972E+00  1.0257E+04
4.3338587E+00  1.0134E+04
4.3555280E+00  1.0014E+04
4.3773056E+00  9.8951E+03
4.3991921E+00  9.7772E+03
4.4211881E+00  9.6611E+03
4.4432940E+00  9.5466E+03
4.4655105E+00  9.4335E+03
4.4878381E+00  9.3219E+03
4.5102772E+00  9.2116E+03
4.5328286E+00  9.1027E+03
4.5554928E+00  8.9953E+03
4.5782702E+00  8.8892E+03
4.6011616E+00  8.7843E+03
4.6241674E+00  8.6808E+03
4.6472882E+00  8.5787E+03
4.6705247E+00  8.4778E+03
4.6938773E+00  8.3780E+03
4.7173467E+00  8.2795E+03
4.7409334E+00  8.1823E+03
4.7646381E+00  8.0863E+03
4.7884613E+00  7.9913E+03
4.8124036E+00  7.8971E+03
4.8364656E+00  7.8030E+03
4.8606479E+00  7.7099E+03
4.8849512E+00  7.6179E+03
4.9093759E+00  7.5271E+03
4.9339228E+00  7.4373E+03
4.9585924E+00  7.3487E+03
4.9833854E+00  7.2611E+03
5.0083023E+00  7.1746E+03
5.0333438E+00  7.0890E+03
5.0585105E+00  7.0046E+03
5.0838031E+00  6.9211E+03
5.1092221E+00  6.8386E+03
5.1347682E+00  6.7572E+03
5.1604421E+00  6.6765E+03
5.1862443E+00  6.5946E+03
5.2121755E+00  6.5137E+03
5.2382364E+00  6.4336E+03
5.2644276E+00  6.3545E+03
5.2907497E+00  6.2765E+03
5.3172034E+00  6.1994E+03
5.3437895E+00  6.1233E+03
5.3705084E+00  6.0482E+03
5.3973609E+00  5.9729E+03
5.4243477E+00  5.8982E+03
5.4514695E+00  5.8246E+03
5.4787268E+00  5.7519E+03
5.5061205E+00  5.6802E+03
5.5336511E+00  5.6093E+03
5.5613193E+00  5.5395E+03
5.5891259E+00  5.4706E+03
5.6170716E+00  5.4024E+03
5.6451569E+00  5.3353E+03
5.6733827E+00  5.2690E+03
5.7017496E+00  5.2035E+03
5.7302584E+00  5.1389E+03
5.7589096E+00  5.0752E+03
5.7877042E+00  5.0123E+03
5.8166427E+00  4.9502E+03
5.8457259E+00  4.8889E+03
5.8749546E+00  4.8285E+03
5.9043293E+00  4.7688E+03
5.9338510E+00  4.7099E+03
5.9635202E+00  4.6518E+03
5.9933378E+00  4.5944E+03
6.0233045E+00  4.5378E+03
6.0534210E+00  4.4819E+03
6.0836882E+00  4.4269E+03
6.1141066E+00  4.3725E+03
6.1446771E+00  4.3188E+03
6.1754005E+00  4.2657E+03
6.2062775E+00  4.2135E+03
6.2373089E+00  4.1619E+03
6.2684954E+00  4.1109E+03
6.2998379E+00  4.0607E+03
6.3313371E+00  4.0111E+03
6.3629938E+00  3.9619E+03
6.3948088E+00  3.9129E+03
6.4267828E+00  3.8646E+03
6.4589167E+00  3.8169E+03
6.4912113E+00  3.7699E+03
6.5236674E+00  3.7233E+03
6.5562857E+00  3.6775E+03
6.5890671E+00  3.6323E+03
6.6220125E+00  3.5876E+03
6.6551225E+00  3.5436E+03
6.6883981E+00  3.5001E+03
6.7218401E+00  3.4571E+03
6.7554493E+00  3.4148E+03
6.7892266E+00  3.3730E+03
6.8231727E+00  3.3317E+03
6.8572886E+00  3.2910E+03
6.8915750E+00  3.2509E+03
6.9260329E+00  3.2112E+03
6.9606631E+00  3.1721E+03
6.9954664E+00  3.1335E+03
7.0304437E+00  3.0953E+03
7.0655959E+00  3.0578E+03
7.1009239E+00  3.0207E+03
7.1364285E+00  2.9840E+03
7.1721107E+00  2.9478E+03
7.2079712E+00  2.9122E+03
7.2440111E+00  2.8770E+03
7.2802311E+00  2.8422E+03
7.3166323E+00  2.8079E+03
7.3532155E+00  2.7741E+03
7.3899815E+00  2.7407E+03
7.4269314E+00  2.7074E+03
7.4640661E+00  2.6746E+03
7.5013864E+00  2.6422E+03
7.5388934E+00  2.6102E+03
7.5765878E+00  2.5787E+03
7.6144708E+00  2.5475E+03
7.6525431E+00  2.5167E+03
7.6908058E+00  2.4865E+03
7.7292599E+00  2.4565E+03
7.7679062E+00  2.4269E+03
7.8067457E+00  2.3977E+03
7.8457794E+00  2.3689E+03
7.8850083E+00  2.3404E+03
7.9244334E+00  2.3123E+03
7.9640555E+00  2.2846E+03
8.0038758E+00  2.2572E+03
8.0438952E+00  2.2301E+03
8.0841147E+00  2.2033E+03
8.1245352E+00  2.1769E+03
8.1651579E+00  2.1508E+03
8.2059837E+00  2.1250E+03
8.2470136E+00  2.0997E+03
8.2882487E+00  2.0744E+03
8.3296899E+00  2.0495E+03
8.3713384E+00  2.0249E+03
8.4131951E+00  2.0006E+03
8.4552610E+00  1.9766E+03
8.4975373E+00  1.9529E+03
8.5400250E+00  1.9295E+03
9.030794E+00  1.6814E+03
9.653919E+00  1.4124E+03
1.032004E+01  1.1888E+03
1.103212E+01  1.0026E+03
1.179334E+01  8.4508E+02
1.260708E+01  7.1251E+02
1.315023E+01  6.4020E+02
1.335151E+01  6.1612E+02
1.340518E+01  6.0991E+02
1.347697E+01  1.4976E+03
1.348569E+01  1.4950E+03
1.368697E+01  1.4373E+03
1.440688E+01  1.2526E+03
1.540095E+01  1.0469E+03
1.563254E+01  1.0058E+03
1.569539E+01  9.9499E+02
1.578966E+01  1.3658E+03
1.602532E+01  1.3135E+03
1.605975E+01  1.3059E+03
1.630556E+01  1.2543E+03
1.637111E+01  1.2411E+03
1.646362E+01  1.4115E+03
1.646944E+01  1.4102E+03
1.671525E+01  1.3589E+03
1.759961E+01  1.1936E+03
1.881398E+01  1.0069E+03
2.011215E+01  8.4940E+02
2.149988E+01  7.1639E+02
2.298338E+01  6.0423E+02
2.456923E+01  5.0999E+02
2.626450E+01  4.3081E+02
2.807676E+01  3.6149E+02
3.001405E+01  3.0288E+02
3.208502E+01  2.5397E+02
3.429889E+01  2.1251E+02
3.666551E+01  1.7789E+02
3.919543E+01  1.4908E+02
4.189992E+01  1.2509E+02
4.479101E+01  1.0509E+02
4.788159E+01  8.8398E+01
5.118542E+01  7.4458E+01
5.471721E+01  6.2802E+01
5.849270E+01  5.3033E+01
6.252870E+01  4.4762E+01
6.684318E+01  3.7850E+01
7.145536E+01  3.2015E+01
7.638578E+01  2.7047E+01
8.165640E+01  2.2844E+01
8.729069E+01  1.9239E+01
8.871538E+01  1.8461E+01
9.007327E+01  1.7762E+01
9.043538E+01  1.7582E+01
9.097853E+01  7.0196E+01
9.233642E+01  6.7656E+01
9.331374E+01  6.5906E+01
9.975239E+01  5.5779E+01
1.066353E+02  4.7170E+01
1.139931E+02  3.9866E+01
1.218587E+02  3.3706E+01
1.302669E+02  2.8505E+01
1.392553E+02  2.4096E+01
1.488640E+02  2.0390E+01
1.591356E+02  1.7275E+01
1.701159E+02  1.4659E+01
1.818539E+02  1.2458E+01
1.944018E+02  1.0607E+01
2.078156E+02  9.0473E+00
2.221548E+02  7.7353E+00
2.374835E+02  6.6306E+00
2.538699E+02  5.6999E+00
2.713869E+02  4.9149E+00
2.901126E+02  4.2521E+00
3.101304E+02  3.6920E+00
3.315294E+02  3.2180E+00
3.544049E+02  2.8162E+00
3.788588E+02  2.4752E+00
4.050001E+02  2.1851E+00
4.329451E+02  1.9378E+00