2.080733E+00  5.9222E+03
2.224304E+00  4.9645E+03
2.377781E+00  4.1468E+03
2.541848E+00  3.4814E+03
2.717235E+00  2.9276E+03
2.904724E+00  2.4622E+03
3.105150E+00  2.0633E+03
3.319406E+00  1.7242E+03
3.548445E+00  1.4410E+03
3.793288E+00  1.1996E+03
4.055024E+00  9.9395E+02
4.334821E+00  8.2367E+02
4.633924E+00  6.8265E+02
4.953664E+00  5.6588E+02
5.295467E+00  4.6911E+02
5.660855E+00  3.8894E+02
6.051453E+00  3.2252E+02
6.469004E+00  2.6751E+02
6.915365E+00  2.2191E+02
7.392525E+00  1.8412E+02
7.902609E+00  1.5280E+02
8.447890E+00  1.2614E+02
9.030794E+00  1.0390E+02
9.653919E+00  8.5099E+01
1.032004E+01  6.9726E+01
1.103212E+01  5.7156E+01
1.179334E+01  4.6880E+01
1.260708E+01  3.8473E+01
1.347697E+01  3.1595E+01
1.440688E+01  2.5968E+01
1.540095E+01  2.1363E+01
1.646362E+01  1.7593E+01
1.759961E+01  1.4506E+01
1.881398E+01  1.1978E+01
2.011215E+01  9.9062E+00
2.149988E+01  8.2086E+00
2.298338E+01  6.8165E+00
2.456923E+01  5.6746E+00
2.626450E+01  4.7377E+00
2.807676E+01  3.9521E+00
3.001405E+01  3.3053E+00
3.208502E+01  2.7773E+00
3.429889E+01  2.3460E+00
3.666551E+01  1.9930E+00
3.919543E+01  1.7041E+00
4.189992E+01  1.4632E+00
4.479101E+01  1.2663E+00
4.788159E+01  1.1052E+00
5.118542E+01  9.7308E-01
5.471721E+01  8.6450E-01
5.849270E+01  7.7504E-01
6.252870E+01  7.0110E-01
6.684318E+01  6.3980E-01
7.145536E+01  5.8877E-01
7.638578E+01  5.4608E-01
8.165640E+01  5.1012E-01
8.729069E+01  4.7966E-01
9.331374E+01  4.5364E-01
9.975239E+01  4.3128E-01
1.066353E+02  4.1186E-01
1.139931E+02  3.9481E-01
1.218587E+02  3.7972E-01
1.302669E+02  3.6619E-01
1.392553E+02  3.5396E-01
1.488640E+02  3.4276E-01
1.591356E+02  3.3239E-01
1.701159E+02  3.2271E-01
1.818539E+02  3.1358E-01
1.944018E+02  3.0494E-01
2.078156E+02  2.9664E-01
2.221548E+02  2.8866E-01
2.374835E+02  2.8092E-01
2.538699E+02  2.7340E-01
2.713869E+02  2.6609E-01
2.901126E+02  2.5891E-01
3.101304E+02  2.5186E-01
3.315294E+02  2.4496E-01
3.544049E+02  2.3816E-01
3.788588E+02  2.3147E-01
4.050001E+02  2.2489E-01
4.329451E+02  2.1840E-01