2.080733E+00  3.7128E+02
2.224304E+00  3.0561E+02
2.377781E+00  2.5160E+02
2.541848E+00  2.0713E+02
2.717235E+00  1.7056E+02
2.904724E+00  1.4047E+02
3.105150E+00  1.1511E+02
3.319406E+00  9.3897E+01
3.548445E+00  7.6613E+01
3.793288E+00  6.2529E+01
4.055024E+00  5.1052E+01
4.334821E+00  4.1698E+01
4.633924E+00  3.4075E+01
4.953664E+00  2.7861E+01
5.295467E+00  2.2795E+01
5.660855E+00  1.8576E+01
6.051453E+00  1.5144E+01
6.469004E+00  1.2360E+01
6.915365E+00  1.0102E+01
7.392525E+00  8.2695E+00
7.902609E+00  6.7818E+00
8.447890E+00  5.5741E+00
9.030794E+00  4.5876E+00
9.653919E+00  3.7713E+00
1.032004E+01  3.1119E+00
1.103212E+01  2.5791E+00
1.179334E+01  2.1480E+00
1.260708E+01  1.7993E+00
1.347697E+01  1.5168E+00
1.440688E+01  1.2879E+00
1.540095E+01  1.1023E+00
1.646362E+01  9.5152E-01
1.759961E+01  8.2894E-01
1.881398E+01  7.2915E-01
2.011215E+01  6.4772E-01
2.149988E+01  5.8117E-01
2.298338E+01  5.2663E-01
2.456923E+01  4.8180E-01
2.626450E+01  4.4481E-01
2.807676E+01  4.1385E-01
3.001405E+01  3.8806E-01
3.208502E+01  3.6652E-01
3.429889E+01  3.4843E-01
3.666551E+01  3.3309E-01
3.919543E+01  3.1995E-01
4.189992E+01  3.0860E-01
4.479101E+01  2.9865E-01
4.788159E+01  2.8987E-01
5.118542E+01  2.8198E-01
5.471721E+01  2.7483E-01
5.849270E+01  2.6824E-01
6.252870E+01  2.6211E-01
6.684318E+01  2.5637E-01
7.145536E+01  2.5089E-01
7.638578E+01  2.4564E-01
8.165640E+01  2.4058E-01
8.729069E+01  2.3567E-01
9.331374E+01  2.3085E-01
9.975239E+01  2.2614E-01
1.066353E+02  2.2149E-01
1.139931E+02  2.1690E-01
1.218587E+02  2.1237E-01
1.302669E+02  2.0788E-01
1.392553E+02  2.0343E-01
1.488640E+02  1.9902E-01
1.591356E+02  1.9467E-01
1.701159E+02  1.9035E-01
1.818539E+02  1.8606E-01
1.944018E+02  1.8183E-01
2.078156E+02  1.7764E-01
2.221548E+02  1.7351E-01
2.374835E+02  1.6944E-01
2.538699E+02  1.6541E-01
2.713869E+02  1.6145E-01
2.901126E+02  1.5755E-01
3.101304E+02  1.5371E-01
3.315294E+02  1.4994E-01
3.544049E+02  1.4624E-01
3.788588E+02  1.4262E-01
4.050001E+02  1.3907E-01
4.329451E+02  1.3560E-01