2.0004844E+00  2.1005E+04
2.0104868E+00  2.0787E+04
2.0205393E+00  2.0572E+04
2.0306420E+00  2.0360E+04
2.0407952E+00  2.0150E+04
2.0509992E+00  1.9942E+04
2.0612542E+00  1.9737E+04
2.0715604E+00  1.9534E+04
2.0819182E+00  1.9331E+04
2.0923278E+00  1.9129E+04
2.1027895E+00  1.8929E+04
2.1133034E+00  1.8731E+04
2.1210653E+00  1.8587E+04
2.1221346E+00  5.6319E+04
2.1238699E+00  5.6208E+04
2.1344893E+00  5.5534E+04
2.1451617E+00  5.4869E+04
2.1558875E+00  5.4211E+04
2.1666670E+00  5.3563E+04
2.1775003E+00  5.2921E+04
2.1883878E+00  5.2289E+04
2.1993297E+00  5.1662E+04
2.2011954E+00  5.1557E+04
2.2026046E+00  7.5547E+04
2.2103264E+00  7.4901E+04
2.2213780E+00  7.3992E+04
2.2324849E+00  7.3095E+04
2.2436473E+00  7.2209E+04
2.2548656E+00  7.1334E+04
2.2661399E+00  7.0470E+04
2.2774706E+00  6.9614E+04
2.2888579E+00  6.8771E+04
2.3003022E+00  6.7939E+04
2.3118037E+00  6.7117E+04
2.3233628E+00  6.6304E+04
2.3349796E+00  6.5502E+04
2.3466545E+00  6.4710E+04
2.3583878E+00  6.3927E+04
2.3701797E+00  6.3155E+04
2.3820306E+00  6.2392E+04
2.3939407E+00  6.1639E+04
2.4059104E+00  6.0894E+04
2.4179400E+00  6.0159E+04
2.4300297E+00  5.9434E+04
2.4421798E+00  5.8715E+04
2.4543907E+00  5.8005E+04
2.4666627E+00  5.7304E+04
2.4789960E+00  5.6611E+04
2.4913910E+00  5.5929E+04
2.5038479E+00  5.5253E+04
2.5163672E+00  5.4586E+04
2.5289490E+00  5.3927E+04
2.5415938E+00  5.3275E+04
2.5543017E+00  5.2634E+04
2.5670732E+00  5.1999E+04
2.5799086E+00  5.1373E+04
2.5928082E+00  5.0753E+04
2.6057722E+00  5.0142E+04
2.6188011E+00  4.9537E+04
2.6318951E+00  4.8940E+04
2.6429266E+00  4.8447E+04
2.6450545E+00  4.8353E+04
2.6478735E+00  5.6379E+04
2.6582798E+00  5.5845E+04
2.6715712E+00  5.5172E+04
2.6849291E+00  5.4509E+04
2.6983537E+00  5.3852E+04
2.7118455E+00  5.3205E+04
2.7254047E+00  5.2563E+04
2.7390317E+00  5.1930E+04
2.7527269E+00  5.1306E+04
2.7664905E+00  5.0682E+04
2.7803230E+00  5.0066E+04
2.7942246E+00  4.9474E+04
2.8081957E+00  4.8893E+04
2.8222367E+00  4.8318E+04
2.8363479E+00  4.7752E+04
2.8505296E+00  4.7194E+04
2.8647823E+00  4.6643E+04
2.8791062E+00  4.6092E+04
2.8935017E+00  4.5549E+04
2.9079692E+00  4.5011E+04
2.9225091E+00  4.4481E+04
2.9371216E+00  4.3957E+04
2.9518072E+00  4.3441E+04
2.9665662E+00  4.2930E+04
2.9813991E+00  4.2424E+04
2.9963061E+00  4.1926E+04
3.0112876E+00  4.1405E+04
3.0221418E+00  4.1027E+04
3.0263440E+00  4.0882E+04
3.0308581E+00  4.3432E+04
3.0414758E+00  4.3044E+04
3.0566831E+00  4.2497E+04
3.0719666E+00  4.1958E+04
3.0873264E+00  4.1424E+04
3.1027630E+00  4.0899E+04
3.1182768E+00  4.0377E+04
3.1338682E+00  3.9865E+04
3.1495376E+00  3.9359E+04
3.1652853E+00  3.8857E+04
3.1811117E+00  3.8368E+04
3.1970172E+00  3.7887E+04
3.2130023E+00  3.7415E+04
3.2290673E+00  3.6950E+04
3.2452127E+00  3.6491E+04
3.2614387E+00  3.6038E+04
3.2777459E+00  3.5590E+04
3.2891773E+00  3.5281E+04
3.2941347E+00  3.5150E+04
3.3028227E+00  3.6461E+04
3.3106053E+00  3.6250E+04
3.3271584E+00  3.5811E+04
3.3437941E+00  3.5375E+04
3.3605131E+00  3.4948E+04
3.3773157E+00  3.4526E+04
3.3942023E+00  3.4108E+04
3.4111733E+00  3.3696E+04
3.4282291E+00  3.3290E+04
3.4453703E+00  3.2887E+04
3.4625971E+00  3.2488E+04
3.4799101E+00  3.2096E+04
3.4973097E+00  3.1707E+04
3.5147962E+00  3.1323E+04
3.5323702E+00  3.0946E+04
3.5500321E+00  3.0573E+04
3.5677822E+00  3.0206E+04
3.5856211E+00  2.9841E+04
3.6035492E+00  2.9483E+04
3.6215670E+00  2.9129E+04
3.6396748E+00  2.8782E+04
3.6578732E+00  2.8436E+04
3.6761626E+00  2.8095E+04
3.6945434E+00  2.7761E+04
3.7130161E+00  2.7430E+04
3.7315812E+00  2.7102E+04
3.7502391E+00  2.6778E+04
3.7689903E+00  2.6461E+04
3.7878352E+00  2.6145E+04
3.8067744E+00  2.5834E+04
3.8258083E+00  2.5528E+04
3.8449373E+00  2.5225E+04
3.8641620E+00  2.4927E+04
3.8834828E+00  2.4631E+04
3.9029002E+00  2.4339E+04
3.9224147E+00  2.4052E+04
3.9420268E+00  2.3767E+04
3.9617369E+00  2.3483E+04
3.9815456E+00  2.3202E+04
4.0014533E+00  2.2926E+04
4.0214606E+00  2.2651E+04
4.0415679E+00  2.2381E+04
4.0617757E+00  2.2115E+04
4.0820846E+00  2.1851E+04
4.1024950E+00  2.1592E+04
4.1230075E+00  2.1334E+04
4.1436226E+00  2.1080E+04
4.1643407E+00  2.0829E+04
4.1851624E+00  2.0582E+04
4.2060882E+00  2.0337E+04
4.2271186E+00  2.0096E+04
4.2482542E+00  1.9855E+04
4.2694955E+00  1.9610E+04
4.2908430E+00  1.9369E+04
4.3122972E+00  1.9130E+04
4.3338587E+00  1.8894E+04
4.3555280E+00  1.8662E+04
4.3773056E+00  1.8432E+04
4.3991921E+00  1.8205E+04
4.4211881E+00  1.7977E+04
4.4432940E+00  1.7751E+04
4.4655105E+00  1.7527E+04
4.4878381E+00  1.7307E+04
4.5102772E+00  1.7090E+04
4.5328286E+00  1.6876E+04
4.5554928E+00  1.6664E+04
4.5782702E+00  1.6455E+04
4.6011616E+00  1.6249E+04
4.6241674E+00  1.6046E+04
4.6472882E+00  1.5846E+04
4.6705247E+00  1.5648E+04
4.6938773E+00  1.5452E+04
4.7173467E+00  1.5260E+04
4.7409334E+00  1.5070E+04
4.7646381E+00  1.4882E+04
4.7884613E+00  1.4697E+04
4.8124036E+00  1.4514E+04
4.8364656E+00  1.4334E+04
4.8606479E+00  1.4156E+04
4.8849512E+00  1.3981E+04
4.9093759E+00  1.3808E+04
4.9339228E+00  1.3637E+04
4.9585924E+00  1.3468E+04
4.9833854E+00  1.3302E+04
5.0083023E+00  1.3137E+04
5.0333438E+00  1.2976E+04
5.0585105E+00  1.2816E+04
5.0838031E+00  1.2658E+04
5.1092221E+00  1.2502E+04
5.1347682E+00  1.2348E+04
5.1604421E+00  1.2197E+04
5.1862443E+00  1.2047E+04
5.2121755E+00  1.1899E+04
5.2382364E+00  1.1754E+04
5.2644276E+00  1.1610E+04
5.2907497E+00  1.1468E+04
5.3172034E+00  1.1324E+04
5.3437895E+00  1.1183E+04
5.3705084E+00  1.1043E+04
5.3973609E+00  1.0905E+04
5.4243477E+00  1.0769E+04
5.4514695E+00  1.0635E+04
5.4787268E+00  1.0502E+04
5.5061205E+00  1.0372E+04
5.5336511E+00  1.0243E+04
5.5613193E+00  1.0115E+04
5.5891259E+00  9.9899E+03
5.6170716E+00  9.8659E+03
5.6451569E+00  9.7437E+03
5.6733827E+00  9.6229E+03
5.7017496E+00  9.5039E+03
5.7302584E+00  9.3865E+03
5.7589096E+00  9.2705E+03
5.7877042E+00  9.1561E+03
5.8166427E+00  9.0433E+03
5.8457259E+00  8.9318E+03
5.8749546E+00  8.8220E+03
5.9043293E+00  8.7130E+03
5.9338510E+00  8.6051E+03
5.9635202E+00  8.4989E+03
5.9933378E+00  8.3940E+03
6.0233045E+00  8.2904E+03
6.0534210E+00  8.1883E+03
6.0836882E+00  8.0864E+03
6.1141066E+00  7.9860E+03
6.1446771E+00  7.8867E+03
6.1754005E+00  7.7889E+03
6.2062775E+00  7.6924E+03
6.2373089E+00  7.5967E+03
6.2684954E+00  7.5021E+03
6.2998379E+00  7.4090E+03
6.3313371E+00  7.3170E+03
6.3629938E+00  7.2263E+03
6.3948088E+00  7.1368E+03
6.4267828E+00  7.0485E+03
6.4589167E+00  6.9612E+03
6.4912113E+00  6.8752E+03
6.5236674E+00  6.7902E+03
6.5562857E+00  6.7066E+03
6.5890671E+00  6.6238E+03
6.6220125E+00  6.5418E+03
6.6551225E+00  6.4610E+03
6.6883981E+00  6.3809E+03
6.7218401E+00  6.3022E+03
6.7554493E+00  6.2246E+03
6.7892266E+00  6.1478E+03
6.8231727E+00  6.0721E+03
6.8572886E+00  5.9972E+03
6.8915750E+00  5.9234E+03
6.9260329E+00  5.8507E+03
6.9606631E+00  5.7788E+03
6.9954664E+00  5.7081E+03
7.0304437E+00  5.6379E+03
7.0655959E+00  5.5688E+03
7.1009239E+00  5.5009E+03
7.1364285E+00  5.4335E+03
7.1721107E+00  5.3672E+03
7.2079712E+00  5.3016E+03
7.2440111E+00  5.2370E+03
7.2802311E+00  5.1731E+03
7.3166323E+00  5.1100E+03
7.3532155E+00  5.0478E+03
7.3899815E+00  4.9865E+03
7.4269314E+00  4.9260E+03
7.4640661E+00  4.8661E+03
7.5013864E+00  4.8072E+03
7.5388934E+00  4.7488E+03
7.5765878E+00  4.6913E+03
7.6144708E+00  4.6347E+03
7.6525431E+00  4.5787E+03
7.6908058E+00  4.5234E+03
7.7292599E+00  4.4687E+03
7.7679062E+00  4.4148E+03
7.8067457E+00  4.3616E+03
7.8457794E+00  4.3091E+03
7.8850083E+00  4.2572E+03
7.9244334E+00  4.2061E+03
7.9640555E+00  4.1555E+03
8.0038758E+00  4.1057E+03
8.0438952E+00  4.0564E+03
8.0841147E+00  4.0079E+03
8.1245352E+00  3.9599E+03
8.1651579E+00  3.9125E+03
8.2059837E+00  3.8657E+03
8.2470136E+00  3.8196E+03
8.2882487E+00  3.7741E+03
8.3296899E+00  3.7291E+03
8.3713384E+00  3.6847E+03
8.4131951E+00  3.6409E+03
8.4552610E+00  3.5976E+03
8.4975373E+00  3.5547E+03
8.5400250E+00  3.5127E+03
9.030794E+00  3.0658E+03
9.653919E+00  2.5746E+03
1.032004E+01  2.1607E+03
1.103212E+01  1.8177E+03
1.133243E+01  1.6967E+03
1.150588E+01  1.6317E+03
1.155214E+01  1.6146E+03
1.162152E+01  4.0867E+03
1.179334E+01  3.9275E+03
1.179497E+01  3.9260E+03
1.260708E+01  3.2795E+03
1.300715E+01  3.0139E+03
1.320624E+01  2.8923E+03
1.325933E+01  2.8610E+03
1.333896E+01  3.9146E+03
1.347697E+01  3.8074E+03
1.353805E+01  3.7613E+03
1.360230E+01  3.7134E+03
1.381050E+01  3.5641E+03
1.386602E+01  3.5260E+03
1.394930E+01  4.0099E+03
1.415750E+01  3.8621E+03
1.440688E+01  3.6952E+03
1.540095E+01  3.1175E+03
1.646362E+01  2.6278E+03
1.759961E+01  2.2151E+03
1.881398E+01  1.8649E+03
2.011215E+01  1.5705E+03
2.149988E+01  1.3234E+03
2.298338E+01  1.1160E+03
2.456923E+01  9.4043E+02
2.626450E+01  7.9318E+02
2.807676E+01  6.6418E+02
3.001405E+01  5.5440E+02
3.208502E+01  4.6334E+02
3.429889E+01  3.8769E+02
3.666551E+01  3.2482E+02
3.919543E+01  2.7250E+02
4.189992E+01  2.2891E+02
4.479101E+01  1.9256E+02
4.788159E+01  1.6220E+02
5.118542E+01  1.3671E+02
5.471721E+01  1.1525E+02
5.849270E+01  9.7269E+01
6.252870E+01  8.1963E+01
6.684318E+01  6.9075E+01
7.145536E+01  5.8312E+01
7.638578E+01  4.9309E+01
7.682690E+01  4.8606E+01
7.800282E+01  4.6802E+01
7.831640E+01  4.6338E+01
7.878677E+01  1.9396E+02
7.996269E+01  1.8674E+02
8.165640E+01  1.7768E+02
8.729069E+01  1.5101E+02
9.331374E+01  1.2759E+02
9.975239E+01  1.0703E+02
1.066353E+02  8.9925E+01
1.139931E+02  7.5768E+01
1.218587E+02  6.3904E+01
1.302669E+02  5.3960E+01
1.392553E+02  4.5618E+01
1.488640E+02  3.8621E+01
1.591356E+02  3.2733E+01
1.701159E+02  2.7743E+01
1.818539E+02  2.3563E+01
1.944018E+02  2.0057E+01
2.078156E+02  1.7115E+01
2.221548E+02  1.4644E+01
2.374835E+02  1.2568E+01
2.538699E+02  1.0821E+01
2.713869E+02  9.3507E+00
2.901126E+02  8.1111E+00
3.101304E+02  7.0646E+00
3.315294E+02  6.1800E+00
3.544049E+02  5.4498E+00
3.788588E+02  4.8361E+00
4.050001E+02  4.3099E+00
4.329451E+02  3.8578E+00