2.080733E+00  5.4959E+03
2.224304E+00  4.6062E+03
2.377781E+00  3.8667E+03
2.541848E+00  3.2497E+03
2.717235E+00  2.7308E+03
2.904724E+00  2.2932E+03
3.105150E+00  1.9188E+03
3.319406E+00  1.5908E+03
3.548445E+00  1.3183E+03
3.793288E+00  1.0926E+03
4.055024E+00  9.0566E+02
4.334821E+00  7.5079E+02
4.633924E+00  6.2249E+02
4.953664E+00  5.1619E+02
5.295467E+00  4.2809E+02
5.660855E+00  3.5508E+02
6.051453E+00  2.9457E+02
6.469004E+00  2.4442E+02
6.915365E+00  2.0233E+02
7.392525E+00  1.6671E+02
7.902609E+00  1.3739E+02
8.447890E+00  1.1327E+02
9.030794E+00  9.3247E+01
9.653919E+00  7.6294E+01
1.032004E+01  6.2454E+01
1.103212E+01  5.1152E+01
1.179334E+01  4.1923E+01
1.260708E+01  3.4382E+01
1.347697E+01  2.8226E+01
1.440688E+01  2.3192E+01
1.540095E+01  1.9078E+01
1.646362E+01  1.5714E+01
1.759961E+01  1.2963E+01
1.881398E+01  1.0712E+01
2.011215E+01  8.8698E+00
2.149988E+01  7.3613E+00
2.298338E+01  6.1260E+00
2.456923E+01  5.1135E+00
2.626450E+01  4.2835E+00
2.807676E+01  3.5899E+00
3.001405E+01  3.0197E+00
3.208502E+01  2.5537E+00
3.429889E+01  2.1701E+00
3.666551E+01  1.8541E+00
3.919543E+01  1.5962E+00
4.189992E+01  1.3853E+00
4.479101E+01  1.2127E+00
4.788159E+01  1.0711E+00
5.118542E+01  9.5469E-01
5.471721E+01  8.5868E-01
5.849270E+01  7.7930E-01
6.252870E+01  7.1342E-01
6.684318E+01  6.5850E-01
7.145536E+01  6.1252E-01
7.638578E+01  5.7378E-01
8.165640E+01  5.4092E-01
8.729069E+01  5.1287E-01
9.331374E+01  4.8870E-01
9.975239E+01  4.6767E-01
1.066353E+02  4.4917E-01
1.139931E+02  4.3276E-01
1.218587E+02  4.1801E-01
1.302669E+02  4.0465E-01
1.392553E+02  3.9236E-01
1.488640E+02  3.8097E-01
1.591356E+02  3.7033E-01
1.701159E+02  3.6023E-01
1.818539E+02  3.5062E-01
1.944018E+02  3.4139E-01
2.078156E+02  3.3248E-01
2.221548E+02  3.2381E-01
2.374835E+02  3.1536E-01
2.538699E+02  3.0710E-01
2.713869E+02  2.9897E-01
2.901126E+02  2.9101E-01
3.101304E+02  2.8312E-01
3.315294E+02  2.7537E-01
3.544049E+02  2.6771E-01
3.788588E+02  2.6016E-01
4.050001E+02  2.5270E-01
4.329451E+02  2.4534E-01