2.0035635E+00  4.6231E+04
2.0135813E+00  4.5664E+04
2.0236492E+00  4.5103E+04
2.0337675E+00  4.4551E+04
2.0439363E+00  4.4004E+04
2.0541560E+00  4.3464E+04
2.0644268E+00  4.2932E+04
2.0747489E+00  4.2406E+04
2.0851227E+00  4.1887E+04
2.0955483E+00  4.1374E+04
2.1052605E+00  4.0904E+04
2.1060260E+00  4.0867E+04
2.1099394E+00  4.7726E+04
2.1165562E+00  4.7343E+04
2.1271389E+00  4.6742E+04
2.1377746E+00  4.6147E+04
2.1484635E+00  4.5559E+04
2.1592058E+00  4.4981E+04
2.1700018E+00  4.4402E+04
2.1808519E+00  4.3830E+04
2.1917561E+00  4.3265E+04
2.2027149E+00  4.2708E+04
2.2137285E+00  4.2164E+04
2.2247971E+00  4.1650E+04
2.2359211E+00  4.1142E+04
2.2471007E+00  4.0639E+04
2.2583362E+00  4.0145E+04
2.2696279E+00  3.9657E+04
2.2809760E+00  3.9176E+04
2.2923809E+00  3.8703E+04
2.3038428E+00  3.8236E+04
2.3153620E+00  3.7777E+04
2.3269388E+00  3.7324E+04
2.3385735E+00  3.6878E+04
2.3502664E+00  3.6438E+04
2.3620177E+00  3.6003E+04
2.3625852E+00  3.5983E+04
2.3682149E+00  3.8272E+04
2.3738278E+00  3.8049E+04
2.3856970E+00  3.7584E+04
2.3976254E+00  3.7126E+04
2.4096136E+00  3.6673E+04
2.4216616E+00  3.6228E+04
2.4337699E+00  3.5788E+04
2.4459388E+00  3.5354E+04
2.4581685E+00  3.4926E+04
2.4704593E+00  3.4503E+04
2.4828116E+00  3.4087E+04
2.4952257E+00  3.3690E+04
2.5077018E+00  3.3301E+04
2.5202403E+00  3.2915E+04
2.5328415E+00  3.2536E+04
2.5455057E+00  3.2162E+04
2.5582333E+00  3.1794E+04
2.5710244E+00  3.1431E+04
2.5838796E+00  3.1071E+04
2.5957502E+00  3.0747E+04
2.5967990E+00  3.0718E+04
2.6060497E+00  3.1860E+04
2.6097829E+00  3.1758E+04
2.6228319E+00  3.1401E+04
2.6359460E+00  3.1049E+04
2.6491257E+00  3.0702E+04
2.6623714E+00  3.0359E+04
2.6756832E+00  3.0019E+04
2.6890617E+00  2.9684E+04
2.7025070E+00  2.9353E+04
2.7160195E+00  2.9026E+04
2.7295996E+00  2.8703E+04
2.7432476E+00  2.8384E+04
2.7569638E+00  2.8066E+04
2.7707486E+00  2.7752E+04
2.7846024E+00  2.7441E+04
2.7985254E+00  2.7133E+04
2.8125180E+00  2.6830E+04
2.8265806E+00  2.6531E+04
2.8407135E+00  2.6234E+04
2.8549171E+00  2.5942E+04
2.8691917E+00  2.5652E+04
2.8835376E+00  2.5366E+04
2.8979553E+00  2.5082E+04
2.9124451E+00  2.4802E+04
2.9270073E+00  2.4525E+04
2.9416424E+00  2.4251E+04
2.9563506E+00  2.3981E+04
2.9711323E+00  2.3713E+04
2.9859880E+00  2.3448E+04
3.0009179E+00  2.3185E+04
3.0159225E+00  2.2905E+04
3.0310021E+00  2.2629E+04
3.0461571E+00  2.2356E+04
3.0613879E+00  2.2087E+04
3.0766949E+00  2.1820E+04
3.0920783E+00  2.1555E+04
3.1075387E+00  2.1295E+04
3.1230764E+00  2.1037E+04
3.1386918E+00  2.0781E+04
3.1543853E+00  2.0530E+04
3.1701572E+00  2.0281E+04
3.1860080E+00  2.0036E+04
3.2019380E+00  1.9793E+04
3.2179477E+00  1.9555E+04
3.2340374E+00  1.9318E+04
3.2502076E+00  1.9084E+04
3.2664587E+00  1.8854E+04
3.2827910E+00  1.8627E+04
3.2992049E+00  1.8402E+04
3.3157009E+00  1.8180E+04
3.3322794E+00  1.7958E+04
3.3489408E+00  1.7734E+04
3.3656856E+00  1.7515E+04
3.3825140E+00  1.7297E+04
3.3994265E+00  1.7081E+04
3.4164237E+00  1.6870E+04
3.4335058E+00  1.6660E+04
3.4506733E+00  1.6448E+04
3.4679267E+00  1.6241E+04
3.4852663E+00  1.6034E+04
3.5026927E+00  1.5832E+04
3.5202061E+00  1.5633E+04
3.5378072E+00  1.5436E+04
3.5554962E+00  1.5240E+04
3.5732737E+00  1.5049E+04
3.5911400E+00  1.4860E+04
3.6090957E+00  1.4673E+04
3.6271412E+00  1.4489E+04
3.6452769E+00  1.4307E+04
3.6635033E+00  1.4127E+04
3.6818208E+00  1.3950E+04
3.7002299E+00  1.3776E+04
3.7187311E+00  1.3605E+04
3.7373247E+00  1.3434E+04
3.7560114E+00  1.3267E+04
3.7747914E+00  1.3102E+04
3.7936654E+00  1.2939E+04
3.8126337E+00  1.2778E+04
3.8316969E+00  1.2619E+04
3.8508554E+00  1.2462E+04
3.8701096E+00  1.2308E+04
3.8894602E+00  1.2155E+04
3.9089075E+00  1.2005E+04
3.9284520E+00  1.1856E+04
3.9480943E+00  1.1710E+04
3.9678347E+00  1.1565E+04
3.9876739E+00  1.1423E+04
4.055024E+00  1.0956E+04
4.334821E+00  9.2656E+03
4.633924E+00  7.8274E+03
4.953664E+00  6.6117E+03
5.295467E+00  5.5876E+03
5.660855E+00  4.7258E+03
6.051453E+00  4.0034E+03
6.469004E+00  3.3970E+03
6.915365E+00  2.8870E+03
7.392525E+00  2.4535E+03
7.902609E+00  2.0800E+03
8.447890E+00  1.7662E+03
9.030794E+00  1.4973E+03
9.369486E+00  1.3563E+03
9.512897E+00  1.3021E+03
9.551140E+00  1.2881E+03
9.608504E+00  3.4458E+03
9.653919E+00  3.3938E+03
9.751914E+00  3.2852E+03
1.032004E+01  2.7625E+03
1.052461E+01  2.6127E+03
1.068570E+01  2.5040E+03
1.072866E+01  2.4763E+03
1.079310E+01  3.4088E+03
1.095419E+01  3.2641E+03
1.103212E+01  3.1975E+03
1.104529E+01  3.1863E+03
1.121435E+01  3.0490E+03
1.125943E+01  3.0139E+03
1.132705E+01  3.4297E+03
1.149611E+01  3.3016E+03
1.179334E+01  3.0949E+03
1.260708E+01  2.6170E+03
1.347697E+01  2.2099E+03
1.440688E+01  1.8635E+03
1.540095E+01  1.5671E+03
1.646362E+01  1.3170E+03
1.759961E+01  1.1071E+03
1.881398E+01  9.3117E+02
2.011215E+01  7.8281E+02
2.149988E+01  6.5854E+02
2.298338E+01  5.5373E+02
2.456923E+01  4.6558E+02
2.626450E+01  3.9190E+02
2.807676E+01  3.2774E+02
3.001405E+01  2.7373E+02
3.208502E+01  2.2892E+02
3.429889E+01  1.9171E+02
3.666551E+01  1.6073E+02
3.919543E+01  1.3496E+02
4.189992E+01  1.1343E+02
4.479101E+01  9.5314E+01
4.788159E+01  8.0142E+01
5.118542E+01  6.7263E+01
5.471721E+01  5.6476E+01
5.849270E+01  4.7485E+01
6.252870E+01  4.0001E+01
6.404378E+01  3.7632E+01
6.502405E+01  3.6208E+01
6.528545E+01  3.5842E+01
6.567755E+01  1.6074E+02
6.665782E+01  1.5495E+02
6.684318E+01  1.5389E+02
7.145536E+01  1.3009E+02
7.638578E+01  1.0965E+02
8.165640E+01  9.2388E+01
8.729069E+01  7.7704E+01
9.331374E+01  6.5286E+01
9.975239E+01  5.4900E+01
1.066353E+02  4.6210E+01
1.139931E+02  3.8937E+01
1.218587E+02  3.2848E+01
1.302669E+02  2.7749E+01
1.392553E+02  2.3397E+01
1.488640E+02  1.9760E+01
1.591356E+02  1.6719E+01
1.701159E+02  1.4179E+01
1.818539E+02  1.2055E+01
1.944018E+02  1.0276E+01
2.078156E+02  8.7866E+00
2.221548E+02  7.5379E+00
2.374835E+02  6.4901E+00
2.538699E+02  5.6098E+00
2.713869E+02  4.8695E+00
2.901126E+02  4.2528E+00
3.101304E+02  3.7417E+00
3.315294E+02  3.3068E+00
3.544049E+02  2.9358E+00
3.788588E+02  2.6189E+00
4.050001E+02  2.3471E+00
4.329451E+02  2.1135E+00