2.080733E+00  1.6803E+04
2.224304E+00  1.4167E+04
2.377781E+00  1.1913E+04
2.541848E+00  1.0023E+04
2.717235E+00  8.4383E+03
2.904724E+00  7.1112E+03
3.105150E+00  5.9620E+03
3.319406E+00  4.9747E+03
3.548445E+00  4.1551E+03
3.793288E+00  3.4695E+03
4.055024E+00  2.8836E+03
4.334821E+00  2.3999E+03
4.633924E+00  2.0003E+03
4.953664E+00  1.6643E+03
5.295467E+00  1.3838E+03
5.660855E+00  1.1518E+03
6.051453E+00  9.5997E+02
6.469004E+00  8.0106E+02
6.915365E+00  6.6932E+02
7.392525E+00  5.5997E+02
7.902609E+00  4.6911E+02
8.447890E+00  3.9351E+02
8.799322E+00  3.5370E+02
8.934005E+00  3.3963E+02
8.969921E+00  3.3575E+02
9.030794E+00  2.5507E+03
9.158478E+00  2.4477E+03
9.653919E+00  2.1078E+03
1.032004E+01  1.7676E+03
1.103212E+01  1.4899E+03
1.179334E+01  1.2565E+03
1.260708E+01  1.0526E+03
1.347697E+01  8.8059E+02
1.440688E+01  7.3575E+02
1.540095E+01  6.1423E+02
1.646362E+01  5.1261E+02
1.759961E+01  4.2783E+02
1.881398E+01  3.5586E+02
2.011215E+01  2.9564E+02
2.149988E+01  2.4570E+02
2.298338E+01  2.0426E+02
2.456923E+01  1.6981E+02
2.626450E+01  1.4120E+02
2.807676E+01  1.1695E+02
3.001405E+01  9.6777E+01
3.208502E+01  8.0147E+01
3.429889E+01  6.6426E+01
3.666551E+01  5.5104E+01
3.919543E+01  4.5735E+01
4.189992E+01  3.7826E+01
4.479101E+01  3.1331E+01
4.788159E+01  2.5998E+01
5.118542E+01  2.1615E+01
5.471721E+01  1.8013E+01
5.849270E+01  1.5049E+01
6.252870E+01  1.2612E+01
6.684318E+01  1.0605E+01
7.145536E+01  8.9519E+00
7.638578E+01  7.5894E+00
8.165640E+01  6.4590E+00
8.729069E+01  5.5151E+00
9.331374E+01  4.7380E+00
9.975239E+01  4.0971E+00
1.066353E+02  3.5680E+00
1.139931E+02  3.1301E+00
1.218587E+02  2.7670E+00
1.302669E+02  2.4651E+00
1.392553E+02  2.2131E+00
1.488640E+02  2.0022E+00
1.591356E+02  1.8250E+00
1.701159E+02  1.6753E+00
1.818539E+02  1.5481E+00
1.944018E+02  1.4393E+00
2.078156E+02  1.3459E+00
2.221548E+02  1.2648E+00
2.374835E+02  1.1941E+00
2.538699E+02  1.1318E+00
2.713869E+02  1.0765E+00
2.901126E+02  1.0269E+00
3.101304E+02  9.8211E-01
3.315294E+02  9.4125E-01
3.544049E+02  9.0371E-01
3.788588E+02  8.6891E-01
4.050001E+02  8.3646E-01
4.329451E+02  8.0598E-01