2.080733E+00  2.9567E+03
2.224304E+00  2.4893E+03
2.377781E+00  2.0960E+03
2.541848E+00  1.7629E+03
2.717235E+00  1.4748E+03
2.904724E+00  1.2304E+03
3.105150E+00  1.0224E+03
3.319406E+00  8.4649E+02
3.548445E+00  7.0092E+02
3.793288E+00  5.8044E+02
4.055024E+00  4.8073E+02
4.334821E+00  3.9821E+02
4.633924E+00  3.2989E+02
4.953664E+00  2.7334E+02
5.295467E+00  2.2653E+02
5.660855E+00  1.8772E+02
6.051453E+00  1.5446E+02
6.469004E+00  1.2712E+02
6.915365E+00  1.0464E+02
7.392525E+00  8.6167E+01
7.902609E+00  7.0973E+01
8.447890E+00  5.8482E+01
9.030794E+00  4.8113E+01
9.653919E+00  3.9327E+01
1.032004E+01  3.2165E+01
1.103212E+01  2.6325E+01
1.179334E+01  2.1562E+01
1.260708E+01  1.7677E+01
1.347697E+01  1.4507E+01
1.440688E+01  1.1919E+01
1.540095E+01  9.8070E+00
1.646362E+01  8.0817E+00
1.759961E+01  6.6724E+00
1.881398E+01  5.5204E+00
2.011215E+01  4.5786E+00
2.149988E+01  3.8083E+00
2.298338E+01  3.1778E+00
2.456923E+01  2.6614E+00
2.626450E+01  2.2384E+00
2.807676E+01  1.8854E+00
3.001405E+01  1.5919E+00
3.208502E+01  1.3529E+00
3.429889E+01  1.1580E+00
3.666551E+01  9.9872E-01
3.919543E+01  8.6848E-01
4.189992E+01  7.6171E-01
4.479101E+01  6.7401E-01
4.788159E+01  6.0183E-01
5.118542E+01  5.4227E-01
5.471721E+01  4.9295E-01
5.849270E+01  4.5195E-01
6.252870E+01  4.1769E-01
6.684318E+01  3.8895E-01
7.145536E+01  3.6467E-01
7.638578E+01  3.4398E-01
8.165640E+01  3.2626E-01
8.729069E+01  3.1093E-01
9.331374E+01  2.9755E-01
9.975239E+01  2.8573E-01
1.066353E+02  2.7519E-01
1.139931E+02  2.6569E-01
1.218587E+02  2.5703E-01
1.302669E+02  2.4904E-01
1.392553E+02  2.4160E-01
1.488640E+02  2.3463E-01
1.591356E+02  2.2801E-01
1.701159E+02  2.2168E-01
1.818539E+02  2.1562E-01
1.944018E+02  2.0974E-01
2.078156E+02  2.0402E-01
2.221548E+02  1.9846E-01
2.374835E+02  1.9300E-01
2.538699E+02  1.8767E-01
2.713869E+02  1.8242E-01
2.901126E+02  1.7724E-01
3.101304E+02  1.7215E-01
3.315294E+02  1.6714E-01
3.544049E+02  1.6220E-01
3.788588E+02  1.5732E-01
4.050001E+02  1.5253E-01
4.329451E+02  1.4780E-01